0.0045
0.0615
0.0998
0.1796
0.3492
0.5473
0.7486
1.241
1.731
2.231
2.721
3.220
3.725
4.206
4.698
5.692
6.683
7.682
9.630
11.63
0.0005045
0.0005615
0.0005998
0.0006796
0.0008492
0.0010473
0.0012486
0.0062410
0.0067310
0.0072310
0.0077210
0.0082200
0.0087250
0.0092060
0.0096980
0.0106920
0.0116830
0.0126820
0.0146300
0.0616300
0.006
2.915
8.585
19.65
22.16
22.48
22.76
23.38
23.87
24.38
24.86
25.33
25.83
26.28
26.78
27.68
28.59
29.55
31.62
33.49
0.00530
0.15075
0.43425
1.03250
1.15800
1.17400
1.18800
1.21900
1.24350
1.26900
1.29300
1.31650
1.34150
1.36400
1.38900
1.43400
1.47950
1.52750
1.63100
1.72450
