0.00470
0.04470
0.06960
0.10320
0.12940
0.15610
0.20110
0.63900
1.11900
1.61000
2.11300
3.08500
4.20500
5.04300
6.68200
8.00700
9.62900
0.00050
0.00054
0.00057
0.00060
0.00063
0.00066
0.00070
0.00114
0.00612
0.00661
0.00711
0.00809
0.00921
0.01004
0.01168
0.01301
0.01463
0.0
4.8
11.5
26.6
41.7
56.9
72.1
81.2
83.3
85.2
87.1
90.5
95.0
98.5
105.6
112.2
125.5
0.005
0.029
0.063
0.138
0.213
0.289
0.365
0.411
0.422
0.431
0.440
0.457
0.480
0.497
0.533
0.566
0.633
