0.00460
0.05360
0.08020
0.11760
0.15410
0.22130
0.38780
0.87270
1.37500
1.86300
2.32900
3.30800
4.20500
4.76800
5.74800
6.68200
7.19700
9.62900
11.10000
0.00050
0.00055
0.00058
0.00062
0.00065
0.00072
0.00089
0.00137
0.00638
0.00686
0.00733
0.00831
0.00921
0.00977
0.01075
0.01168
0.01220
0.01463
0.06110
0.006
4.579
10.490
25.010
39.350
51.370
54.070
55.410
56.680
57.800
58.880
61.050
63.460
64.910
67.670
70.590
73.270
81.890
88.150
0.005
0.028
0.057
0.130
0.202
0.262
0.275
0.282
0.288
0.294
0.299
0.310
0.322
0.330
0.343
0.358
0.371
0.414
0.446
