0.0047
0.0484
0.0745
0.1101
0.1402
0.1781
0.2671
0.7016
1.198
1.682
2.176
3.156
4.205
5.118
6.682
8.059
9.62
0.0005047
0.0005484
0.0005745
0.0006101
0.0006402
0.0006781
0.0007671
0.0012016
0.0061980
0.0066820
0.0071760
0.0081560
0.0092050
0.0101180
0.0116820
0.0130590
0.0146200
0.006
4.589
11.19
25.83
40.79
55.29
64.78
70.73
72.47
74.05
75.68
78.41
82.08
84.89
92.79
98.68
105.3
0.00530
0.23445
0.60950
1.34150
2.08950
2.81450
3.28900
3.58650
3.67350
3.75250
3.83400
3.97050
4.15400
4.29450
4.68950
4.98400
5.76500
