0.0046
0.056
0.0898
0.1404
0.2049
0.3804
0.5759
1.070
1.561
2.058
2.537
3.516
4.206
4.995
5.977
6.68
7.445
9.629
11.35
0.0005046
0.0005560
0.0005898
0.0006404
0.0007049
0.0008804
0.0010759
0.0060700
0.0065610
0.0070580
0.0075370
0.0085160
0.0092060
0.0099950
0.0109770
0.0116800
0.0124450
0.0146290
0.0613500
0.006
3.759
9.95
23.08
34.51
36.96
37.41
38.41
39.23
40.05
40.86
42.47
43.82
45.13
46.79
48.37
49.71
54.32
57.72
0.0053
0.1930
0.5025
1.2040
1.7755
1.8980
1.9205
1.9705
2.0115
2.0525
2.0930
2.1735
2.2410
2.3065
2.3895
2.4685
2.5355
2.7660
2.9360
