174
173.9
174.15
174
173.85
173.75
174.1
173.9
173.8
173.85
174
174.05
174.2
174.15
174.15
174.05
174.05
174.15
174.05
174.05
173.9
174
174.1
174.15
174.2
173.9
174.15
174.05
173.85
173.9
174.1
174
173.75
174.1
174
174.1
174.25
174.25
174.1
174.25
173.95
174.25
174.1
174.2
174.2
174.1
174.35
174.3
174.2
174.15
174.1
174.05
174.15
173.85
174
174.2
173.85
173.8
173.9
174.1
174
174
174.2
174
174.3
174.15
174.05
174
173.85
174.2
173.9
174.1
174.1
173.85
174
174.05
174
173.85
174
174.1
174
174
173.85
174.1
173.9
173.85
174.05
174
174
174.15
174.1
174.05
174.25
174.35
174
174.4
174.3
173.95
173.95
173.95
