0.01350
0.03501
0.07700
0.16310
0.25110
0.44460
0.66660
1.616
2.084
2.610
3.455
4.449
5.444
6.357
7.374
8.280
9.293
10.27
11.36
12.24
13.09
14.16
15.13
16.10
16.83
17.51
0.00016750
0.00027505
0.00048500
0.00181550
0.00225550
0.00322300
0.00433300
0.01308000
0.01542000
0.01805000
0.02227500
0.02724500
0.03222000
0.03678500
0.04187000
0.04640000
0.05146500
0.10135000
0.10680000
0.11120000
0.11545000
0.12080000
0.12565000
0.13050000
0.13415000
0.13755000
1.688
1.724
1.753
1.777
1.792
1.811
1.826
1.862
1.875
1.888
1.906
1.925
1.942
1.957
1.974
1.987
2.002
2.015
2.031
2.044
2.055
2.07
2.084
2.097
2.106
2.115
0.013440
0.013620
0.013765
0.013885
0.013960
0.014055
0.014130
0.014310
0.014375
0.014440
0.014530
0.014625
0.014710
0.014785
0.014870
0.014935
0.015010
0.015075
0.015155
0.015220
0.015275
0.015350
0.015420
0.015485
0.015530
0.015575
