0.2785
0.5820
0.7688
0.9468
2.190
2.705
3.638
4.611
5.786
6.777
7.720
8.733
9.701
10.70
11.80
12.85
13.70
14.63
15.81
16.72
17.74
18.66
19.08
0.00239250
0.00391000
0.00484400
0.00573400
0.01595000
0.01852500
0.02319000
0.02805500
0.03393000
0.03888500
0.04360000
0.04866500
0.05350500
0.10350000
0.10900000
0.11425000
0.11850000
0.12315000
0.12905000
0.13360000
0.13870000
0.14330000
0.14540000
491.7
521.0
533.6
542.7
579.5
588.7
601.7
612.1
622.1
628.2
634.6
639.9
644.4
648.6
652.8
656.4
659.1
661.8
665.0
667.1
669.6
671.7
672.7
0.9917
1.0210
1.0336
1.0427
1.0795
1.0887
1.1017
1.1121
1.1221
1.1282
1.1346
1.1399
1.1444
1.1486
1.1528
1.1564
1.1591
1.1618
1.1650
1.1671
1.1696
1.1717
1.1727
