2.711
0.000
67.345
58.769
59.671
13.450
139.976
20.804
0.000
28.295
34.398
49.031
38.141
127.346
122.039
75.263
45.717
18.786
45.246
102.159
70.088
178.076
0.000
111.604
111.100
47.923
128.550
337.359
324.684
319.234
778.148
804.859
1270.266
1121.536
1878.588
1703.745
2024.857
1560.123
2065.394
1108.413
884.801
662.041
824.833
1007.641
613.754
399.319
805.694
296.943
35.108
48.955
259.085
42.009
0.000
0.000
110.439
70.626
114.688
161.903
35.736
188.290
0.000
59.499
13.198
0.000
127.551
7.439
62.233
41.191
108.612
13.113
48.403
68.666
75.753
0.000
82.725
0.000
17.247
59.173
36.009
36.359
46.907
24.228
0.000
61.333
0.000
40.796
31.761
23.199
5.260
40.238
112.935
26.187
20.101
9.020
22.079
3.384
129.848
47.718
0.000
0.000
54.802
7.505
22.563
84.193
22.835
25.073
0.000
4.959
0.000
0.000
39.810
0.000
59.629
107.518
104.803
0.000
127.432
41.412
45.967
82.912
59.913
63.612
0.000
58.950
0.000
129.707
17.295
2.329
0.000
68.631
43.429
50.337
18.358
51.876
41.757
29.506
77.816
0.000
29.022
68.954
17.947
19.673
38.679
0.000
0.000
0.000
0.000
0.000
0.000
0.175
52.270
25.495
82.714
81.462
59.916
0.000
15.937
109.819
25.992
45.962
47.358
22.975
12.840
0.000
0.000
8.940
36.321
51.232
42.985
0.000
22.940
55.334
6.401
64.421
71.141
63.033
55.806
123.906
212.331
62.673
185.159
171.301
236.734
204.450
216.916
250.195
250.455
181.592
158.457
87.083
102.185
37.375
18.963
5.105
100.009
72.023
117.202
50.771
70.194
55.964
56.740
48.245
24.475
75.220
62.914
11.451
25.137
45.886
28.975
134.399
61.668
62.098
37.585
74.303
88.179
60.869
64.675
132.577
104.312
92.384
70.715
117.400
142.352
78.507
139.677
182.512
108.406
124.703
142.311
147.012
173.785
109.635
145.313
155.299
80.864
161.906
106.087
90.949
131.795
145.769
153.225
129.182
141.599
75.928
99.469
145.718
157.017
75.205
107.566
120.346
153.943
96.575
77.903
177.791
160.898
116.405
204.485
217.633
313.980
383.700
640.161
942.072
1547.449
2142.676
3402.680
4626.955
5829.328
6771.452
5571.411
3486.496
1721.729
625.717
263.339
177.576
203.457
143.284
125.352
140.848
195.550
218.140
259.894
301.986
409.565
473.789
530.714
538.239
511.966
479.638
287.473
238.679
54.183
78.227
89.609
68.525
60.724
18.352
24.129
45.164
34.968
32.102
32.524
103.238
78.968
89.890
107.986
45.817
43.451
31.701
59.777
17.236
30.663
35.913
57.983
55.117
26.145
0.000
54.188
47.770
26.006
23.486
32.615
19.893
10.721
29.272
39.011
43.256
33.716
15.457
37.776
43.545
29.172
18.632
60.176
30.600
1.364
46.560
36.824
13.530
18.007
33.746
19.690
35.187
45.190
11.675
0.000
36.015
42.910
10.298
7.278
6.698
28.021
19.696
15.207
53.354
40.348
18.988
0.000
20.662
24.110
32.214
40.896
67.465
50.836
26.263
42.895
44.531
65.356
65.844
92.997
103.473
63.248
67.823
56.789
91.037
69.848
95.372
84.869
80.197
85.571
97.376
129.093
86.929
102.101
85.220
103.679
85.900
93.669
72.658
142.150
115.245
99.787
132.404
134.638
134.245
119.511
140.363
130.518
135.801
98.749
153.519
141.780
155.461
159.596
180.953
176.036
174.689
176.148
201.501
163.573
153.421
165.743
148.676
177.328
159.574
172.641
150.941
179.550
155.801
153.459
188.177
173.038
181.828
196.950
183.541
168.900
134.725
139.428
120.567
132.129
122.033
134.848
197.945
210.307
223.709
256.880
271.739
318.974
331.926
389.456
518.485
585.265
936.185
1445.720
2226.981
3289.299
4873.873
6944.791
10113.848
14132.741
14222.502
10137.003
6462.724
3072.147
781.287
321.621
278.373
241.499
187.954
145.051
168.063
160.303
119.527
118.742
109.040
106.930
95.915
101.614
81.304
81.944
66.128
81.944
63.509
64.396
62.774
72.697
58.554
72.145
36.251
20.387
52.341
41.454
43.057
47.025
53.708
45.300
50.494
47.157
33.536
20.195
50.953
27.542
17.103
37.399
20.999
41.222
53.731
39.006
7.197
31.187
0.000
12.965
27.992
15.155
24.667
13.867
53.975
56.119
18.771
33.751
15.577
39.839
60.002
21.516
37.391
3.448
13.427
31.501
6.381
20.509
0.000
27.184
44.606
32.210
28.703
25.603
8.490
24.217
33.712
38.663
0.000
0.000
35.384
42.932
5.685
23.306
30.836
3.064
12.863
7.572
20.032
29.662
34.052
12.653
8.236
30.616
19.408
4.375
30.160
11.804
51.361
30.430
14.871
0.000
25.454
12.133
42.759
23.831
0.000
19.379
27.133
10.997
23.177
36.304
9.861
1.895
20.471
14.798
20.518
24.208
0.000
22.113
5.142
38.453
24.120
37.398
13.498
24.300
26.540
28.138
21.753
11.115
37.951
30.574
37.605
15.306
10.813
49.010
0.000
28.437
53.146
15.474
18.529
6.294
18.405
0.432
1.473
0.000
24.321
17.221
8.213
10.060
12.276
30.804
7.661
0.000
9.025
34.402
26.129
24.430
20.435
22.542
0.000
30.626
17.482
2.198
25.084
8.200
12.248
21.808
13.184
8.263
18.417
3.137
33.813
38.218
27.155
30.364
11.222
30.278
0.000
46.475
19.313
23.529
43.192
22.176
8.114
18.552
29.559
5.885
19.894
32.156
57.198
10.492
7.190
41.252
13.899
9.593
23.176
25.883
9.753
10.419
21.469
0.000
30.197
21.434
15.703
4.420
1.504
31.996
19.797
31.735
7.920
29.412
10.738
19.313
12.992
33.383
17.142
15.265
4.303
26.639
19.033
42.803
15.420
20.921
5.312
27.290
19.420
21.241
17.619
28.276
13.095
23.550
24.849
23.792
30.175
2.971
32.303
17.898
25.545
18.174
32.805
35.731
0.000
17.556
28.614
23.502
8.747
38.191
14.146
6.576
0.000
15.027
0.000
6.736
42.252
4.075
4.812
28.029
47.987
24.200
18.058
29.007
39.452
20.465
17.959
23.695
13.780
1.535
9.345
23.507
1.794
33.811
20.019
0.906
27.637
0.000
27.963
16.282
18.179
22.691
14.281
13.917
9.677
17.401
11.859
25.196
35.896
28.343
13.604
17.805
7.766
33.477
26.787
0.000
14.224
17.757
5.617
25.543
31.750
0.000
33.407
32.435
0.000
23.949
8.876
43.112
17.833
44.385
30.236
21.591
19.561
19.659
1.157
24.490
44.417
41.330
54.904
60.471
82.326
74.993
99.217
123.826
153.533
139.933
140.781
98.423
72.221
48.087
32.046
16.914
34.387
14.924
21.760
28.824
1.081
0.000
27.111
20.846
7.727
27.926
11.549
17.915
38.710
27.378
53.075
57.300
50.029
57.255
56.946
73.164
52.103
53.206
37.659
46.137
29.977
24.145
17.435
11.407
17.275
23.864
0.000
30.267
29.304
21.820
12.202
6.201
34.649
6.514
28.484
28.960
25.541
31.099
17.338
6.795
7.073
14.956
8.252
28.015
5.619
19.294
4.371
7.116
14.523
25.413
33.422
16.847
12.903
29.545
21.154
0.311
16.520
26.114
14.807
13.878
11.173
23.957
27.594
18.525
22.379
23.612
23.648
24.066
0.000
21.297
13.038
9.656
9.054
10.128
12.839
0.000
15.133
24.775
34.509
16.045
11.423
19.302
14.160
11.214
36.875
5.221
16.762
11.925
7.346
17.384
13.007
19.235
14.297
0.000
29.422
23.921
14.402
12.350
14.179
26.039
15.394
1.011
22.653
23.415
25.702
27.337
24.037
5.839
21.568
22.072
31.465
21.941
23.735
16.797
14.073
19.484
16.002
22.326
11.214
8.873
7.429
27.687
22.642
17.327
18.715
27.652
20.950
1.909
21.743
17.575
0.000
14.066
13.844
15.892
19.505
16.151
27.064
6.507
18.498
27.965
21.939
25.899
21.808
23.396
16.100
7.719
24.517
18.450
29.917
14.823
27.242
15.908
16.669
20.451
14.058
0.000
13.480
9.324
20.604
8.921
8.337
18.470
11.997
31.023
10.385
20.041
10.607
19.673
2.806
7.764
19.170
10.757
16.863
22.336
23.744
13.440
18.166
32.037
23.410
13.856
29.467
10.198
24.248
19.000
25.044
15.343
34.301
22.660
13.514
24.734
18.545
9.547
18.861
26.892
27.822
16.306
28.104
26.452
46.337
25.211
31.766
17.544
22.845
30.798
31.147
23.322
21.781
27.726
30.613
27.890
35.719
34.355
33.457
30.681
33.869
27.875
21.181
32.115
24.214
25.326
24.800
34.560
33.448
31.550
22.537
27.578
29.625
30.105
33.793
39.090
29.063
34.273
38.453
42.564
42.138
59.121
36.111
51.630
43.066
44.967
51.333
61.363
71.090
87.769
72.416
62.615
82.012
76.410
85.531
78.678
88.898
98.738
73.614
80.471
78.511
75.264
79.006
63.022
75.011
78.515
64.973
89.971
90.688
94.490
85.282
93.972
100.519
87.362
100.272
97.803
103.367
111.437
102.407
109.165
101.803
82.994
89.200
104.638
91.001
103.729
107.288
105.562
105.509
93.367
110.454
92.066
93.132
88.589
99.023
105.770
104.019
102.071
99.512
110.878
118.381
163.107
168.581
277.847
451.800
815.057
1353.976
2144.554
3256.631
4802.693
9108.472
16384.000
16384.000
16384.000
16384.000
7702.703
4235.174
2361.454
675.055
222.778
169.120
140.797
124.064
110.847
111.673
114.253
90.016
87.421
74.212
81.217
66.400
73.537
62.378
67.893
61.554
62.708
64.873
54.778
56.311
38.439
45.139
41.539
30.860
23.333
39.248
26.670
41.528
27.448
43.466
29.036
34.686
19.017
21.365
39.046
24.946
33.720
29.021
36.050
25.063
25.464
23.356
31.591
33.761
15.583
34.143
26.706
24.233
24.123
42.420
27.572
30.959
29.148
27.773
32.566
25.827
23.103
14.246
26.024
22.308
30.843
28.986
19.992
13.660
17.690
17.225
20.038
16.720
20.598
27.641
19.618
25.524
8.003
15.167
25.867
19.884
25.955
23.091
12.742
19.817
22.029
8.952
17.573
10.821
31.312
22.824
14.415
19.548
24.083
24.605
15.800
18.215
29.410
18.245
24.939
12.946
30.136
27.944
18.656
20.653
15.143
25.806
38.680
29.743
29.074
29.898
20.021
31.294
26.826
29.164
31.861
37.728
30.291
43.763
45.284
41.739
34.064
47.322
44.618
53.103
46.345
47.592
56.032
47.852
34.681
44.544
33.569
43.012
54.765
57.972
56.204
61.762
53.879
61.657
60.980
66.685
51.195
64.404
67.907
66.422
62.385
67.356
69.164
66.232
67.120
74.689
61.886
71.677
65.326
69.200
66.560
64.923
71.252
73.704
74.711
69.136
69.003
66.103
78.519
73.636
80.986
87.261
92.669
108.336
116.746
153.424
207.032
291.083
418.794
626.853
871.143
1215.255
1584.765
1664.927
1453.159
1232.941
1195.285
1049.714
877.548
698.611
610.366
615.969
819.318
1094.092
1481.829
1609.604
1473.231
1258.838
1159.508
1031.955
778.190
546.801
360.804
189.693
133.457
95.545
77.005
75.762
72.652
71.127
75.449
62.204
57.646
60.068
48.560
48.415
45.626
50.201
39.710
45.483
48.892
56.339
37.864
31.416
35.898
41.744
30.673
28.627
19.658
35.103
34.997
29.995
35.868
33.983
40.782
20.560
30.568
45.060
29.977
33.402
32.559
25.295
13.381
33.012
24.605
27.915
19.739
26.338
31.736
25.860
27.118
34.685
31.645
23.282
30.147
18.188
24.128
26.637
23.318
23.268
27.673
15.165
26.605
16.170
16.950
16.272
32.132
20.313
20.129
23.933
9.288
22.975
22.464
20.228
15.969
10.470
9.332
9.892
20.058
17.177
21.784
14.726
8.391
7.754
22.450
14.192
9.251
16.301
4.940
24.033
19.037
24.759
5.674
29.167
8.735
17.064
18.942
21.796
25.981
20.437
22.953
8.835
22.269
11.021
17.345
8.775
14.577
4.760
22.122
16.543
6.232
24.142
16.484
21.176
15.744
15.804
17.205
24.595
18.812
14.417
11.982
8.827
14.301
9.142
18.312
9.235
11.733
9.306
19.905
18.756
7.536
10.329
13.550
22.065
11.381
3.897
4.859
18.659
16.376
16.446
6.972
11.459
8.706
8.703
14.108
18.398
15.121
11.927
28.139
6.702
18.702
14.772
15.678
25.467
16.770
19.748
16.128
15.618
24.966
15.524
39.874
23.112
12.061
5.430
0.000
10.818
23.645
15.554
20.711
13.376
16.140
8.667
7.876
17.353
16.664
19.205
19.127
10.201
18.688
14.658
19.811
8.876
23.848
22.525
20.059
5.578
21.622
14.855
22.730
23.086
15.542
19.763
11.745
27.881
16.711
12.850
18.519
28.920
28.922
24.518
20.393
22.132
13.140
18.759
9.280
16.980
7.735
19.044
15.118
15.296
12.591
3.716
14.727
11.958
6.139
11.607
0.000
11.949
11.312
7.200
9.931
13.998
16.618
10.620
19.765
11.224
17.934
17.202
14.509
6.596
19.911
20.489
14.355
31.647
11.092
21.452
9.791
20.163
14.390
10.165
35.464
12.474
30.624
19.368
27.604
20.889
23.067
8.485
0.000
14.832
32.797
30.094
22.214
44.372
37.604
32.275
25.357
28.708
21.984
24.684
23.332
28.467
27.119
11.864
30.763
14.818
18.559
18.418
9.721
18.138
14.401
18.772
23.301
16.408
12.772
11.513
17.784
18.499
7.597
9.920
22.679
22.791
13.381
9.447
13.918
22.406
8.061
5.208
18.866
4.897
13.968
23.650
20.156
16.015
8.942
0.000
10.658
16.637
14.108
8.446
14.162
19.752
17.261
11.146
12.627
15.581
15.742
18.196
15.811
11.841
18.149
13.790
17.254
1.720
21.454
15.130
14.403
13.441
14.838
17.594
20.149
19.076
11.362
9.398
17.408
6.727
21.360
22.835
3.179
17.514
0.000
9.158
7.483
0.000
21.024
8.145
12.625
21.267
27.788
22.790
18.854
18.461
17.765
22.921
18.061
20.529
7.220
32.813
18.984
9.183
19.001
17.374
7.855
20.108
16.349
12.860
10.292
14.162
21.385
14.000
3.618
17.728
34.011
14.398
20.883
17.470
16.678
16.688
18.704
22.317
25.641
10.251
13.705
13.118
23.902
11.193
21.928
8.401
18.603
12.508
7.000
8.454
14.936
4.946
10.692
11.354
10.465
14.487
30.719
31.218
9.637
11.835
15.478
14.656
3.058
15.184
16.846
4.302
4.111
15.888
17.725
27.144
17.401
17.220
22.570
12.449
16.529
10.079
17.607
12.683
12.731
8.802
13.115
3.806
16.889
0.000
17.394
20.924
27.266
7.202
16.503
10.777
8.547
18.873
3.079
13.424
32.270
25.918
15.746
13.262
19.499
16.148
1.355
13.112
12.323
15.728
19.363
11.772
22.670
24.109
22.659
3.366
33.072
8.208
15.561
12.642
16.509
7.170
25.964
4.722
19.405
9.671
0.000
12.272
7.750
6.658
27.544
24.238
12.738
9.202
19.125
14.690
20.189
18.903
10.543
5.170
16.192
0.000
11.683
10.952
16.305
16.060
12.798
35.333
23.510
23.279
16.633
8.716
13.044
10.412
11.418
22.440
20.215
19.340
16.771
6.345
13.145
17.067
2.514
18.887
11.741
9.574
14.662
15.303
20.653
15.829
25.447
8.629
7.312
4.972
18.728
6.942
17.281
21.679
9.889
10.944
21.574
12.958
4.432
8.846
21.236
33.053
7.428
11.017
22.065
23.486
31.893
17.437
17.234
12.187
18.723
19.552
18.626
20.474
5.744
7.734
22.484
23.136
28.542
29.313
18.403
6.836
9.518
29.638
30.074
27.704
33.833
37.585
13.730
13.589
25.038
30.103
30.988
34.872
29.364
33.324
13.144
24.388
16.708
13.351
15.852
22.793
19.365
6.414
10.933
11.538
19.154
19.935
20.596
18.522
21.713
25.952
22.844
13.798
6.494
26.159
25.503
10.615
17.547
22.595
25.607
19.333
6.880
29.682
9.256
20.901
29.694
27.930
30.103
15.988
21.248
15.634
8.351
24.743
16.979
1.571
8.786
17.881
12.384
17.548
10.135
25.396
19.979
23.469
11.379
0.000
16.239
9.790
27.331
22.236
21.948
15.568
15.756
15.769
20.526
12.108
16.147
19.964
22.475
9.698
22.127
10.755
2.153
8.288
36.247
11.476
22.596
22.648
22.307
27.192
22.693
8.323
28.434
5.113
22.343
27.497
21.059
17.661
33.930
14.396
19.366
20.216
20.308
26.858
15.067
13.974
18.095
20.346
20.973
20.199
13.121
33.766
27.600
44.111
35.385
50.284
64.638
71.678
94.495
70.802
72.884
68.027
57.083
69.662
56.772
57.144
69.844
60.410
45.244
54.209
55.801
45.660
48.618
40.908
37.520
30.521
22.667
36.874
34.444
21.452
20.605
18.175
15.814
0.000
35.809
0.222
13.604
10.626
12.489
0.000
15.661
26.354
34.429
18.146
21.185
24.300
30.538
21.324
26.958
12.366
21.289
20.466
20.616
25.124
16.158
16.628
22.417
0.273
16.746
21.949
25.576
8.266
13.573
17.476
13.911
15.265
22.262
37.660
21.331
33.831
7.195
46.564
0.520
0.000
0.000
0.000
16.058
24.338
31.394
18.361
11.493
33.193
19.532
25.767
5.507
2.629
0.000
7.637
27.463
28.141
40.635
14.560
15.970
14.770
1.309
12.666
20.218
32.014
11.655
17.872
19.150
19.750
14.912
29.802
20.732
16.844
16.673
42.725
39.291
21.990
36.380
47.327
47.519
41.476
46.453
40.246
27.173
36.294
59.910
42.203
57.756
52.683
38.421
32.420
37.909
29.238
42.319
38.925
17.766
21.575
17.886
23.999
23.758
22.831
15.797
10.772
15.713
16.240
18.638
17.334
18.298
13.743
21.683
3.237
13.731
15.165
14.907
19.047
19.637
38.627
2.245
29.730
0.031
22.910
30.459
21.773
11.778
12.000
12.380
10.729
21.804
40.873
12.362
29.314
15.589
34.370
39.316
14.871
15.854
16.335
24.705
19.224
7.320
5.242
23.607
16.317
11.623
30.820
12.626
11.158
14.174
25.255
19.223
24.293
8.192
13.167
11.028
16.113
23.343
23.895
12.803
22.635
0.000
25.693
20.636
19.815
31.072
21.783
23.235
0.000
12.047
19.131
11.518
22.997
27.665
24.188
32.908
0.518
11.027
9.276
26.040
23.192
32.328
16.609
20.694
18.976
47.378
19.638
17.349
0.000
16.578
13.007
18.753
17.700
30.725
32.054
7.232
9.007
9.109
0.000
10.476
18.008
8.942
26.880
34.958
19.129
46.679
49.617
51.052
48.728
61.782
48.290
80.704
50.738
65.413
55.279
46.247
65.641
71.783
24.687
55.263
49.873
54.993
74.888
45.325
72.203
57.964
50.063
38.463
47.549
68.796
24.730
48.228
21.196
24.750
33.878
25.751
21.828
39.995
13.082
32.271
29.904
18.920
21.210
18.225
22.818
20.338
32.483
41.437
22.734
4.252
10.648
15.379
9.965
8.071
7.769
0.000
24.399
12.986
7.915
0.000
32.166
21.590
16.625
5.349
26.923
17.706
32.286
21.938
17.459
14.419
20.408
19.503
21.553
9.592
30.196
19.119
19.521
38.322
42.443
25.341
17.635
0.000
23.242
21.494
24.698
24.057
31.081
24.911
13.314
6.628
11.314
44.443
2.806
20.997
12.171
19.294
25.615
10.060
18.998
20.137
43.494
15.149
21.246
20.021
20.906
4.467
16.479
1.453
10.634
20.522
22.258
19.972
11.973
11.938
41.451
25.191
9.832
34.065
7.715
21.619
13.439
37.086
17.433
19.956
6.728
11.909
0.000
25.576
2.545
16.815
28.768
4.403
6.826
28.497
1.472
21.543
19.403
33.262
4.467
28.466
12.492
21.437
0.000
18.823
20.316
44.396
13.425
37.691
6.826
17.403
6.204
13.761
0.000
25.847
0.000
31.640
20.405
19.008
32.554
38.642
29.521
38.591
10.009
41.334
0.000
0.000
30.017
1.217
32.422
12.124
39.224
2.473
0.000
26.074
6.972
23.930
32.239
23.364
19.746
0.000
25.889
30.314
15.686
20.152
35.934
30.371
5.963
0.000
20.631
0.000
26.844
26.623
20.228
20.902
69.821
3.337
5.158
18.718
15.850
47.320
23.508
11.791
0.000
10.944
16.346
17.881
48.437
29.659
0.000
0.000
13.965
58.767
72.618
40.916
46.391
38.305
69.019
24.557
18.904
9.609
25.507
2.341
0.000
0.000
16.698
23.267
22.008
34.779
50.608
23.221
29.397
34.753
30.543
0.000
0.000
9.445
6.778
25.617
13.984
33.241
11.349
0.000
40.798
41.525
44.950
50.791
32.677
8.436
0.000
30.151
28.380
7.063
17.334
25.253
14.966
39.333
12.886
28.002
21.394
48.831
54.467
51.467
36.771
55.009
42.285
40.549
92.538
68.203
36.567
38.475
22.420
20.579
22.483
40.966
52.811
74.419
30.182
38.157
22.328
33.468
39.252
50.019
33.641
7.020
0.000
0.000
34.830
34.545
18.833
18.777
37.235
56.377
0.000
0.580
62.185
18.190
35.593
64.348
44.079
0.000
0.000
44.444
23.917
0.000
31.478
20.054
10.187
44.791
14.011
20.291
0.000
0.000
0.000
67.343
30.689
37.388
50.258
17.177
34.621
15.857
40.622
45.424
15.710
33.576
12.305
33.889
15.235
68.388
39.464
13.986
15.480
50.013
33.055
0.000
48.360
17.381
21.515
18.609
0.000
16.003
71.118
35.261
16.036
60.026
17.265
0.000
48.347
42.188
50.694
18.846
28.621
47.043
43.337
47.485
52.623
4.303
0.000
37.673
33.782
0.000
12.518
24.878
16.973
30.391
13.497
22.521
23.505
40.032
93.600
52.958
33.018
37.297
16.011
55.753
73.526
6.554
51.588
61.909
25.538
27.514
16.981
0.000
48.197
7.515
21.263
25.100
36.887
12.597
88.318
7.500
0.000
22.187
34.940
59.904
26.701
45.293
25.010
28.439
38.083
0.820
37.077
33.886
36.211
2.100
25.781
0.000
15.051
23.612
36.927
1.493
29.961
64.700
0.000
16.267
20.510
8.058
0.000
54.907
14.241
16.682
4.335
6.111
0.000
0.000
7.524
39.070
1.645
3.152
21.775
58.547
4.889
6.777
18.049
6.060
37.147
38.088
31.368
0.000
64.370
37.207
8.881
33.278
18.884
20.738
11.391
39.981
19.535
20.354
53.643
9.047
67.092
17.242
62.067
0.000
52.976
14.269
4.969
55.824
0.000
0.000
18.373
108.767
67.247
69.474
57.824
46.370
46.716
55.366
0.000
68.146
23.663
14.903
0.000
36.173
0.000
0.000
54.400
21.678
43.034
21.536
40.246
0.000
40.869
34.230
42.464
0.000
69.610
29.223
0.000
3.887
4.813
32.350
78.547
7.286
44.809
29.991
5.700
27.847
49.126
0.000
0.374
0.000
64.322
84.964
0.000
23.950
40.716
30.411
0.000
54.631
59.819
23.696
47.894
19.218
0.000
51.414
0.000
52.617
30.791
24.761
26.673
0.000
0.000
0.000
60.147
37.140
4.836
19.763
0.000
23.287
67.680
76.529
21.465
96.885
73.658
31.971
0.000
22.728
24.558
51.711
39.544
37.694
47.096
0.000
29.016
0.000
19.843
10.915
28.612
0.000
81.007
0.000
18.587
26.116
59.258
47.554
0.000
48.766
38.297
59.858
17.526
66.292
0.000
13.893
2.330
108.084
0.000
0.000
31.476
24.584
61.800
42.046
0.000
47.272
72.529
12.540
0.000
0.224
0.000
0.000
80.820
14.428
2.535
23.233
0.000
0.000
90.369
15.404
98.672
40.130
0.000
0.000
0.000
34.244
3.699
43.085
0.000
0.000
0.000
99.195
69.510
0.000
72.924
53.001
0.000
0.000
36.337
29.649
43.969
1.674
5.546
0.000
65.065
81.274
0.000
7.687
42.527
0.000
0.000
76.159
69.924
18.092
19.176
0.000
0.000
55.157
45.248
25.526
0.000
93.684
0.000
10.711
27.564
59.866
75.391
102.145
43.197
78.832
65.722
27.084
42.042
0.000
18.179
30.446
0.000
71.734
29.669
29.870
50.060
39.294
0.000
41.206
58.395
43.956
0.000
0.000
106.120
95.264
74.726
22.394
85.862
0.000
191.239
0.000
0.000
0.000
80.645
62.732
0.000
0.000
26.003
59.023
62.686
21.793
26.231
92.354
0.000
0.000
128.064
22.220
23.710
0.000
0.000
0.000
88.808
34.661
24.452
44.877
21.281
0.000
39.630
66.799
13.832
0.000
89.140
27.779
38.184
112.687
0.000
0.000
0.000
105.863
33.908
52.997
75.969
25.140
57.074
24.519
87.295
0.000
0.000
32.201
105.745
44.470
135.088
0.000
0.000
15.308
80.468
0.000
116.068
0.000
83.844
0.000
81.564
0.000
0.000
106.365
102.472
0.000
13.675
0.000
30.668
69.133
0.000
95.264
65.888
0.000
0.000
89.336
0.000
198.985
0.000
10.639
64.450
111.132
57.528
5.607
0.000
0.000
194.638
0.000
114.236
101.953
0.000
7.607
57.038
0.000
114.474
0.000
0.000
181.236
16.271
47.732
0.000
13.016
137.287
0.000
65.155
192.658
127.730
0.000
50.065
108.613
78.669
0.000
119.276
19.246
50.203
78.246
139.272
21.558
78.428
74.094
154.890
98.623
0.000
6.183
2.587
0.000
6.071
50.707
0.000
108.098
2.248
30.362
49.761
60.751
0.000
0.000
0.000
24.843
0.000
6.756
44.363
0.000
0.000
163.370
118.572
0.000
101.456
39.565
129.276
61.289
0.000
148.389
69.771
132.664
234.859
43.120
28.392
145.199
0.000
0.000
0.000
0.000
110.961
20.055
8.234
18.077
0.000
149.733
48.618
0.000
73.310
84.261
0.000
22.657
0.000
9.888
93.639
0.000
0.000
0.000
0.000
252.569
109.165
0.000
0.000
56.807
0.000
47.122
84.779
93.634
148.896
0.000
87.738
0.000
66.951
11.246
20.322
0.000
1.635
8.672
1.137
3.084
0.000
0.000
17.200
29.334
0.000
7.465
19.489
4.447
0.000
0.000
28.123
11.534
1.651
9.366
2.768
0.000
0.000
3.853
0.000
5.279
0.000
28.195
2.915
2.459
9.364
0.000
0.087
20.797
0.000
28.805
3.014
7.445
6.863
4.756
13.527
8.725
0.000
2.529
13.965
5.770
0.000
8.212
0.000
0.000
0.000
0.969
1.438
0.000
27.970
6.409
9.980
7.393
1.485
14.802
8.267
19.980
16.677
4.428
23.769
8.332
3.622
3.307
0.000
1.150
17.489
0.000
9.140
18.278
17.474
0.000
0.000
20.241
5.979
11.479
11.594
0.000
4.764
0.000
0.000
0.577
8.998
0.000
0.000
3.930
1.500
0.000
0.000
0.000
11.279
12.645
0.000
0.000
4.648
5.559
0.000
0.000
19.720
0.000
7.992
0.000
0.000
3.602
0.000
2.198
0.000
11.864
0.000
1.674
5.741
19.203
1.579
7.185
8.549
0.000
20.832
0.015
0.000
0.000
12.345
6.000
0.000
10.108
0.000
1.345
9.556
0.000
0.000
18.040
14.302
0.000
3.656
0.000
0.000
8.209
11.476
19.550
8.017
5.260
20.853
0.324
16.455
