0.000
99.903
19.322
25.223
32.686
127.208
53.547
55.949
0.000
114.959
0.000
55.157
71.108
85.481
27.239
27.445
73.683
9.845
7.758
75.013
30.149
51.627
47.462
103.813
133.629
118.345
97.036
213.266
162.104
262.690
909.799
1341.448
2652.829
2667.485
4936.467
4521.776
5448.003
4381.594
6439.344
3707.366
2756.360
1897.821
2225.287
2408.340
1490.231
889.960
1203.776
558.324
120.551
260.699
145.356
128.436
122.620
303.059
238.347
149.405
75.737
4.995
42.626
162.510
90.443
91.935
118.490
112.775
163.215
120.848
75.731
26.750
76.581
135.657
135.485
123.980
34.722
42.700
88.249
50.725
71.432
144.812
8.119
0.000
50.491
61.924
144.834
85.298
90.876
74.442
81.796
0.000
39.229
151.775
112.185
87.925
0.000
54.301
76.350
146.267
73.679
38.221
0.000
26.996
40.470
0.000
23.412
100.418
87.654
0.000
98.176
154.265
81.894
56.110
107.808
13.430
37.743
0.000
61.357
51.816
69.698
120.589
135.943
72.577
73.781
84.656
26.856
47.919
124.906
114.080
34.137
67.855
0.000
156.340
58.140
0.000
47.461
46.362
109.228
56.881
51.916
114.829
66.052
55.611
0.000
75.700
58.082
0.000
87.251
23.155
0.000
135.983
82.461
42.634
37.877
122.370
98.125
42.212
61.200
72.232
86.583
81.853
70.435
77.830
97.767
67.336
36.888
111.366
70.114
145.398
7.286
126.622
80.628
71.568
21.048
74.720
59.715
118.051
72.423
152.207
96.309
70.200
81.002
135.828
97.678
174.386
158.701
181.516
218.292
220.966
233.919
205.580
155.982
118.856
108.096
99.321
73.266
118.054
131.972
73.138
97.321
146.018
76.399
71.803
51.838
30.691
59.327
80.447
100.846
38.314
88.709
72.317
67.833
155.643
97.312
63.282
106.188
111.969
29.709
89.151
86.885
54.044
55.517
96.361
93.390
74.252
134.159
91.625
172.644
111.199
134.708
147.959
133.051
127.233
141.633
113.765
111.768
177.878
148.102
109.149
145.995
113.757
90.739
119.063
137.927
87.616
119.780
131.285
74.396
170.052
109.514
113.097
135.574
139.984
109.073
165.949
141.355
110.158
173.565
170.546
194.090
300.167
465.491
777.002
1271.367
2300.762
3705.424
5131.568
7808.520
10204.605
12735.827
14724.517
12912.522
9297.212
5463.139
3116.222
1948.019
1299.199
1099.110
883.335
807.666
639.616
653.823
660.936
796.424
1009.788
1367.654
1891.937
2219.488
2353.812
2002.533
1552.868
878.577
355.308
220.786
193.196
178.804
166.258
179.048
126.111
148.108
151.994
142.142
172.156
146.029
181.248
114.989
198.240
178.827
172.502
151.522
98.549
134.594
96.076
151.036
130.669
117.302
113.720
135.847
122.070
138.172
128.208
100.727
90.754
103.577
114.358
104.976
93.944
64.699
62.836
90.101
75.140
98.944
77.798
85.393
77.091
99.478
93.184
111.035
66.711
97.173
84.564
51.546
83.259
129.327
94.702
120.344
110.925
86.907
75.813
26.982
103.412
117.669
88.468
92.043
103.753
62.622
120.426
125.895
102.599
98.764
96.572
76.609
87.626
120.501
103.725
134.764
96.688
106.007
121.167
109.851
126.722
110.953
134.754
165.770
153.786
146.275
137.552
118.335
168.843
130.923
146.328
160.965
112.365
168.184
166.051
198.244
172.627
148.862
197.079
196.519
164.412
188.171
210.244
198.902
196.077
188.259
213.949
224.655
266.225
194.030
200.674
228.174
222.139
277.254
297.106
268.609
263.973
304.717
300.134
326.714
304.863
312.414
318.796
344.678
333.307
338.830
376.827
375.466
350.948
324.323
338.729
331.670
356.272
338.884
377.035
400.753
359.226
371.721
352.402
308.080
361.459
310.609
314.438
410.398
424.234
508.537
633.998
773.188
904.463
1263.657
1522.581
1770.319
2151.568
2648.394
3661.384
4851.655
6921.699
9429.234
12667.712
16964.135
22694.961
16384.000
16384.000
25651.092
19709.281
12785.779
7534.400
4906.695
3956.953
3355.943
2759.340
2359.395
2111.555
1650.920
1383.971
1125.466
891.045
702.153
608.561
556.603
519.615
416.886
361.272
324.150
344.697
324.857
265.928
281.302
256.489
224.099
201.877
217.218
183.267
195.267
194.450
172.326
186.085
175.549
148.127
175.698
163.140
164.165
149.074
103.245
136.974
142.297
134.099
115.501
142.695
114.385
77.536
137.772
142.857
143.907
112.381
117.518
125.568
92.375
97.305
103.113
118.708
134.134
163.804
125.549
133.662
114.220
124.668
123.709
122.952
107.743
113.970
88.249
134.776
121.957
114.996
132.278
95.494
93.092
116.382
96.935
79.364
103.259
97.443
80.840
85.545
87.863
93.566
100.505
92.586
70.641
107.181
89.345
73.090
91.460
78.319
98.208
83.023
73.084
94.449
61.073
66.718
77.969
78.144
77.339
64.403
37.758
74.003
78.754
49.123
83.634
80.860
84.706
80.088
66.293
72.864
79.162
75.649
89.474
77.517
72.940
69.235
67.632
72.489
90.483
92.226
111.048
51.224
71.640
63.286
38.971
95.923
61.736
79.811
86.026
91.352
87.131
77.670
55.646
50.500
69.014
56.970
77.919
83.408
75.623
44.081
47.169
60.083
51.305
54.014
58.382
93.860
68.190
61.007
55.110
54.766
54.535
40.213
44.350
59.241
66.525
66.323
55.957
43.133
74.639
43.406
65.272
33.767
31.262
59.407
58.763
38.278
59.986
52.689
43.669
66.820
41.322
41.757
62.359
45.048
56.608
64.333
60.381
40.953
40.818
53.951
78.313
62.610
84.172
61.403
83.541
62.047
62.660
62.949
65.729
67.883
51.636
48.615
63.058
71.100
70.438
61.117
70.916
57.990
44.776
45.807
80.237
61.865
47.670
77.099
36.892
87.174
59.443
58.140
58.655
86.501
75.913
83.429
61.562
69.188
71.495
52.840
71.806
64.287
89.886
61.706
88.001
64.102
75.993
58.512
71.837
79.688
73.467
53.441
63.772
74.956
57.714
60.983
70.944
78.632
39.010
89.684
70.422
53.462
48.612
32.995
53.628
56.827
66.171
68.823
53.698
50.933
69.562
60.624
48.793
44.817
70.544
46.024
51.957
48.812
61.146
19.315
66.965
74.362
59.363
46.440
45.885
51.711
60.482
55.399
58.590
36.583
60.402
70.673
60.261
54.393
52.498
72.998
72.953
75.162
54.265
62.068
69.087
54.649
89.109
53.615
69.902
71.406
64.812
70.331
63.630
68.052
68.095
56.980
68.177
65.455
63.505
59.543
65.302
74.183
60.085
69.636
74.128
55.820
65.590
80.243
80.687
62.090
60.662
75.345
63.625
69.794
64.593
72.215
45.713
56.732
60.343
73.806
66.005
54.083
84.396
76.129
107.853
118.184
177.241
220.205
290.564
328.822
301.528
257.919
187.054
141.171
100.710
57.545
64.928
52.481
50.238
60.157
33.091
42.713
31.394
43.208
43.307
52.382
28.081
33.718
41.376
32.977
60.487
85.129
64.525
74.796
78.920
87.179
73.564
86.124
58.399
51.755
55.159
60.532
39.985
49.436
41.152
57.336
37.141
32.360
55.187
44.959
37.120
47.922
35.575
40.440
37.780
42.984
43.070
48.283
40.607
43.967
45.292
46.351
40.125
43.259
34.905
46.127
38.982
31.496
35.184
37.017
39.213
28.541
39.778
42.277
37.060
45.094
38.469
50.826
32.660
35.390
38.489
12.737
42.196
48.901
43.299
63.464
55.998
37.937
42.642
32.753
39.890
40.239
48.708
36.247
50.496
51.535
42.118
28.495
23.769
42.527
31.495
41.437
41.821
45.144
28.570
47.175
39.872
50.274
41.224
36.173
50.033
31.983
35.716
55.233
56.439
33.529
33.726
43.170
43.089
41.706
51.786
41.986
28.588
41.299
45.996
47.576
38.220
56.378
29.986
46.244
41.909
50.065
29.725
42.051
39.836
39.665
39.436
56.336
34.223
24.865
34.015
30.135
28.441
42.834
41.632
40.800
55.405
32.283
23.594
28.036
42.870
43.732
46.552
64.953
23.570
36.676
39.004
20.897
27.985
39.277
36.379
44.507
40.270
40.825
39.437
33.257
44.513
22.435
35.381
41.777
46.240
34.317
33.943
40.735
32.762
38.144
38.870
32.427
46.816
30.697
30.738
41.485
38.008
29.576
38.784
48.479
53.498
47.715
29.547
45.114
39.981
41.141
45.657
28.390
36.064
55.634
35.854
34.658
49.497
27.002
51.943
38.369
33.587
48.997
38.099
44.631
46.856
38.798
44.025
47.704
45.971
31.654
47.771
45.989
47.963
41.558
54.043
50.986
50.880
48.727
43.752
53.963
51.551
39.934
57.328
43.889
34.501
47.982
43.368
32.228
36.043
44.603
32.782
39.888
47.896
42.752
53.825
62.282
45.936
50.197
60.676
58.410
59.547
65.871
64.276
54.365
72.864
52.470
65.211
69.780
69.977
69.210
79.300
84.869
89.434
86.586
80.729
78.719
77.362
88.998
90.332
99.083
108.380
101.009
114.196
132.732
158.848
153.316
170.837
176.935
184.492
208.117
216.208
226.832
233.675
234.705
221.087
239.429
239.204
251.408
259.366
265.664
265.841
267.464
289.707
286.385
295.003
286.055
281.979
279.788
282.187
287.282
293.886
301.519
284.130
274.152
258.917
243.311
266.612
255.164
276.092
288.408
289.343
302.396
262.923
287.607
234.803
267.493
246.564
274.870
274.140
285.931
288.862
302.009
333.519
372.126
461.872
636.504
958.720
1542.815
2541.590
4041.288
6188.143
8854.986
16384.000
16384.000
16384.000
16384.000
16384.000
16384.000
16384.000
16384.000
16384.000
16384.000
16384.000
5991.081
2389.618
1993.800
1804.682
1624.205
1479.323
1306.961
1171.438
1028.535
947.799
823.524
712.744
631.540
540.522
487.894
407.091
379.332
338.195
291.525
278.761
267.030
239.387
245.819
204.226
184.663
197.934
183.577
173.407
166.144
155.658
154.824
139.423
134.274
141.767
139.841
131.774
130.240
130.114
131.787
110.764
123.522
111.302
110.586
116.921
109.174
111.446
108.596
90.286
86.933
98.388
99.024
72.003
78.497
82.704
91.695
98.211
66.350
70.467
84.526
85.753
82.274
87.719
89.722
79.944
96.783
108.495
91.137
97.580
78.880
90.809
97.482
76.804
78.701
86.277
80.704
74.854
61.620
68.703
84.329
76.546
72.842
71.816
79.063
83.831
78.515
62.230
76.807
66.761
63.621
57.563
61.178
46.660
58.923
64.215
71.182
62.064
48.124
61.919
60.505
57.266
63.460
56.574
79.411
73.939
74.553
68.531
66.314
76.470
70.838
73.627
70.417
83.624
89.776
85.177
86.683
96.601
99.526
116.971
113.541
106.697
115.800
106.146
112.308
120.762
107.591
120.900
116.076
123.522
138.540
157.588
142.403
149.500
157.927
147.107
169.586
177.539
198.437
201.028
207.310
219.561
210.336
209.167
250.882
238.072
273.146
280.301
263.152
292.414
320.065
313.049
325.504
329.263
375.564
361.776
360.568
423.177
439.314
487.151
546.760
600.384
703.366
837.065
1058.764
1330.709
1760.806
2356.409
3153.026
4038.407
5198.123
6581.655
7804.170
8663.320
8664.423
8219.614
7597.011
7098.610
6510.661
5929.587
5552.193
5419.967
5749.414
6472.965
7447.746
8171.640
8291.884
7839.851
7078.566
6428.456
5563.403
4606.615
3665.559
2748.184
2027.735
1534.315
1228.999
1025.297
884.172
735.271
653.818
581.783
522.684
462.158
402.597
360.268
330.526
308.134
265.183
238.753
239.339
220.759
209.377
199.416
183.429
179.570
178.894
191.559
178.189
177.200
183.593
180.345
164.486
178.259
167.207
170.963
172.186
164.110
182.939
185.905
190.648
194.722
206.757
199.308
194.974
202.716
208.348
195.273
184.361
206.585
200.511
180.103
185.364
187.012
188.784
167.247
170.630
170.577
174.968
167.854
191.821
195.842
215.266
206.342
251.643
250.530
280.829
308.556
325.837
338.866
378.553
400.216
436.408
472.703
492.399
510.350
542.647
560.528
578.678
590.798
585.226
606.993
597.916
619.486
598.678
615.406
604.014
620.193
585.540
583.048
562.163
549.271
523.438
477.939
439.439
396.700
350.914
343.758
282.750
253.557
214.029
200.632
185.691
154.209
137.721
114.973
111.128
113.298
113.257
97.313
102.191
94.710
89.010
82.079
92.759
87.607
80.824
89.196
81.217
74.880
91.426
92.406
87.656
84.879
79.540
75.580
83.991
79.286
70.953
65.627
74.249
86.783
72.548
75.337
86.571
77.993
80.367
86.628
76.066
82.287
86.177
88.978
81.646
95.961
85.503
85.858
93.446
112.384
89.203
102.517
106.600
121.608
110.787
111.095
114.899
113.440
128.919
141.583
139.614
140.048
165.214
160.185
167.856
173.273
196.283
182.175
194.280
222.070
232.556
251.205
270.535
287.921
303.481
323.955
338.403
357.212
367.412
368.972
380.250
368.949
362.631
374.281
352.908
363.319
354.289
377.021
367.278
397.814
398.157
417.091
465.904
506.124
546.078
604.656
679.917
758.994
858.841
932.651
1062.945
1151.933
1215.852
1300.550
1335.497
1356.972
1370.592
1346.797
1298.466
1264.657
1210.597
1167.373
1071.470
1025.842
992.292
955.991
941.349
912.720
925.904
945.450
959.567
1012.593
1066.462
1141.990
1224.926
1338.339
1487.730
1626.055
1808.171
1967.156
2117.435
2314.280
2471.797
2591.958
2734.046
2855.703
2818.605
2872.501
2824.024
2717.498
2598.913
2460.321
2236.822
2018.774
1778.921
1585.212
1391.723
1193.580
1061.890
914.769
789.988
695.372
592.028
535.573
467.750
433.661
415.065
369.980
357.343
329.173
331.285
315.804
291.496
300.972
294.466
306.727
295.751
283.713
270.957
270.444
267.902
264.490
268.411
246.974
250.344
236.205
240.923
240.474
226.529
239.242
193.435
186.707
207.805
183.582
191.788
168.096
170.558
158.653
176.265
152.672
147.445
145.300
138.349
132.511
140.141
134.086
119.360
139.791
131.844
131.403
130.614
129.258
121.730
132.660
138.684
123.704
133.540
115.109
98.707
107.600
104.798
98.082
119.308
101.014
104.589
88.067
101.035
96.849
76.611
97.368
84.306
92.588
77.761
76.099
75.051
64.705
77.426
68.002
89.661
61.744
58.024
60.664
74.485
59.682
60.141
73.372
60.078
67.939
62.868
61.461
75.167
56.793
73.604
67.061
52.322
53.815
59.291
64.674
56.325
57.798
37.077
54.557
55.146
64.024
69.154
51.071
63.264
54.659
54.725
50.765
55.700
51.883
56.524
67.147
54.899
49.254
49.116
60.544
53.436
54.179
55.264
60.913
50.219
48.062
61.454
60.891
58.099
53.901
48.818
55.189
63.905
57.495
57.704
48.385
37.431
58.534
45.762
47.134
48.720
44.571
55.911
54.586
65.214
53.740
51.009
50.858
50.733
49.903
47.871
46.172
57.963
56.325
51.366
60.738
63.314
57.003
59.650
81.982
70.916
71.956
86.074
94.625
94.013
89.808
114.480
102.923
105.927
97.259
105.392
93.816
119.537
104.711
109.523
110.448
116.934
107.578
108.570
104.219
91.807
119.131
94.167
94.212
110.687
79.867
96.416
94.733
94.712
91.378
82.969
99.078
88.055
82.697
89.453
83.173
81.023
68.847
82.594
93.187
73.970
74.221
71.333
71.338
68.262
69.348
60.841
63.205
59.969
57.943
57.877
52.014
66.431
60.149
56.238
63.498
66.809
61.201
50.895
56.054
53.511
49.885
54.169
51.023
65.808
49.913
45.456
51.594
50.348
67.209
64.891
48.105
67.765
68.666
56.979
36.125
44.263
70.706
47.385
55.499
57.642
53.282
65.749
44.786
64.085
57.689
45.388
64.764
45.661
46.812
41.327
55.679
54.328
43.978
43.970
24.998
49.475
56.564
41.617
42.471
39.668
53.661
51.559
51.154
49.907
36.321
57.400
43.168
54.050
50.789
51.947
57.677
43.142
32.828
37.693
58.849
35.264
46.232
46.209
46.261
53.873
48.732
56.196
57.175
60.972
45.238
39.879
50.684
63.433
61.614
58.633
58.835
61.117
51.784
53.314
45.694
64.991
55.755
67.240
50.017
51.034
58.738
59.997
40.963
38.540
50.683
48.163
53.054
51.341
47.163
42.643
52.698
42.419
48.185
49.323
47.658
48.989
40.507
48.231
35.470
53.575
49.061
38.521
41.806
45.068
34.992
40.771
46.742
38.878
33.343
61.106
46.086
45.301
47.086
44.147
47.092
56.373
50.891
58.519
51.584
37.393
48.307
60.784
38.739
48.641
44.733
43.252
58.678
47.659
44.679
46.916
50.901
46.539
44.361
59.460
50.710
54.767
45.594
52.696
52.300
61.482
48.094
62.176
62.022
54.008
48.386
48.970
59.662
48.290
59.394
63.832
67.018
64.374
56.845
49.475
50.346
59.034
78.296
51.785
73.032
59.114
60.850
71.279
54.884
53.801
62.003
73.762
73.109
74.617
68.767
69.111
67.663
74.355
79.506
64.139
91.084
88.408
108.847
106.403
119.473
136.087
160.650
166.569
209.881
220.463
240.063
230.191
220.277
224.321
208.483
204.395
218.874
203.885
203.896
208.729
202.942
218.634
212.625
204.932
216.783
202.469
241.880
249.047
247.708
257.816
297.308
310.154
333.562
374.341
390.371
433.944
493.296
507.954
613.123
610.081
679.299
684.086
754.836
795.705
800.751
866.131
905.536
927.032
937.505
952.133
973.150
986.868
963.056
970.402
981.945
968.357
919.481
904.515
867.607
788.699
715.667
698.649
604.337
572.803
510.141
499.699
406.739
455.141
434.244
465.589
474.078
465.645
483.376
441.006
453.815
391.490
359.351
361.974
340.183
315.972
297.637
290.468
296.311
281.052
308.918
328.821
404.782
437.182
510.844
552.789
569.463
543.585
577.346
515.085
513.927
496.966
455.797
441.003
404.412
378.772
352.200
307.056
285.913
262.395
242.238
232.015
188.128
195.616
177.982
159.924
165.709
163.192
134.072
158.017
120.775
132.218
105.375
112.129
116.748
110.827
109.752
103.981
102.048
93.725
95.335
68.651
109.602
80.474
76.976
78.422
73.338
87.780
78.144
77.338
75.296
70.461
54.970
58.794
63.578
61.786
66.780
67.480
66.544
63.632
55.411
60.191
79.409
63.120
80.012
77.384
67.171
51.921
58.199
61.860
57.860
59.374
73.719
61.854
63.383
51.777
71.826
68.448
53.893
68.314
49.745
58.703
76.673
69.920
41.263
67.455
55.412
45.280
60.923
63.187
61.119
56.245
61.927
52.250
75.420
38.506
71.315
44.834
44.363
59.036
64.421
68.305
62.526
53.893
47.884
50.007
73.606
71.701
30.529
68.494
31.612
39.281
54.219
65.233
51.219
64.041
55.784
33.888
63.287
60.401
74.812
41.347
46.924
41.016
50.927
67.299
57.744
69.687
55.785
61.934
54.574
45.844
40.561
44.769
35.325
41.525
45.259
47.851
46.848
36.937
62.085
65.484
18.123
48.983
38.721
61.373
61.457
44.092
46.322
43.239
29.267
60.835
41.237
72.492
80.339
55.647
77.395
73.561
71.564
66.422
64.735
65.979
80.136
55.253
58.757
59.706
55.727
82.572
58.330
79.094
66.828
83.646
56.985
55.470
80.786
48.896
54.059
34.287
53.119
50.437
45.783
46.417
65.847
67.661
56.741
34.561
41.681
60.280
61.147
71.740
44.420
63.851
27.182
37.805
40.410
37.750
34.190
58.949
37.938
74.309
46.924
63.132
50.267
62.508
32.010
59.309
48.621
52.578
43.010
47.105
71.648
34.672
38.057
28.365
38.882
47.464
20.021
40.645
51.307
27.827
69.657
54.072
48.284
29.681
64.906
42.640
38.540
52.035
47.253
47.951
54.931
40.688
50.319
49.752
2.629
13.845
46.005
48.787
68.367
33.732
38.197
21.799
42.025
32.219
42.083
24.263
13.227
62.323
59.544
21.112
35.288
39.947
52.669
34.835
65.499
65.241
48.417
47.426
71.087
21.915
29.956
36.442
48.045
25.679
63.320
54.029
37.940
59.052
38.709
41.968
49.896
62.355
44.575
41.287
21.879
28.737
74.856
48.346
47.837
51.551
56.442
32.797
25.769
65.585
43.356
47.639
47.276
25.871
61.942
14.581
40.338
45.532
54.234
40.262
54.501
52.032
37.559
33.836
44.742
27.261
59.778
46.400
63.404
34.199
80.267
49.772
27.547
92.432
67.962
72.806
48.442
25.987
59.165
55.960
66.834
46.155
41.979
52.250
48.029
62.598
43.086
50.148
41.379
74.054
49.612
77.356
53.083
13.794
31.354
2.005
32.785
67.249
71.323
43.097
23.710
12.801
39.775
28.308
44.041
52.088
27.294
69.250
42.441
53.747
55.880
47.693
22.525
30.879
17.902
24.257
25.487
58.588
43.467
54.170
27.804
41.940
41.222
72.368
32.263
59.715
49.692
59.403
49.628
57.358
58.615
41.801
68.303
57.614
39.375
24.698
46.791
42.207
29.659
34.950
43.815
49.558
55.582
55.642
55.757
24.616
54.023
38.060
42.604
57.757
48.292
10.671
53.722
94.662
54.817
38.357
86.882
59.429
51.992
56.025
53.113
43.776
71.057
32.357
44.246
55.931
53.637
62.777
59.634
29.188
43.354
51.822
32.546
9.359
74.088
60.431
70.069
75.667
72.983
80.797
79.054
76.284
60.423
47.369
32.029
64.488
60.240
72.164
71.763
52.188
22.589
56.252
56.655
60.919
69.370
69.596
48.442
9.454
53.073
39.658
13.580
24.180
33.827
75.651
31.200
28.373
0.000
33.776
25.724
45.197
72.979
51.642
53.180
21.654
10.661
28.891
68.767
48.028
100.464
72.321
58.397
3.137
68.604
66.088
27.057
4.850
60.140
49.353
52.855
51.667
53.287
12.210
52.747
61.223
84.495
42.748
90.396
32.198
26.375
50.540
83.307
89.300
80.287
70.013
27.731
56.147
50.032
97.552
26.954
11.478
21.292
59.529
74.417
33.949
56.719
0.000
60.383
0.000
30.080
42.237
33.695
58.191
51.082
39.215
32.210
76.627
96.417
75.635
58.883
25.709
82.978
56.286
58.835
66.791
30.846
27.322
57.856
66.140
62.752
63.186
46.758
36.107
21.440
64.169
41.521
30.439
42.073
103.926
53.649
75.755
90.678
59.048
42.967
63.122
49.052
57.180
47.089
32.866
57.818
86.770
61.011
66.327
24.367
54.873
56.036
56.837
63.045
46.904
47.076
63.212
98.146
56.453
80.482
0.000
77.223
73.973
26.777
70.045
44.939
40.915
86.399
64.999
84.442
74.094
132.590
86.689
58.290
52.886
97.514
52.004
30.815
59.498
88.610
59.260
83.320
114.126
50.939
87.239
39.525
70.874
86.903
83.109
66.479
72.032
68.042
131.694
35.317
55.711
30.975
68.320
96.966
83.461
65.326
75.844
65.274
36.423
34.314
27.299
29.099
16.814
85.226
64.514
89.907
91.833
78.876
80.765
63.886
79.028
45.571
44.461
106.342
55.376
93.085
113.617
57.726
57.931
29.139
38.022
130.280
31.531
80.968
79.548
88.971
72.834
42.281
0.000
164.328
51.022
176.777
54.064
119.432
31.711
45.024
45.035
34.285
112.738
68.760
43.882
125.337
117.080
176.302
139.166
114.425
69.112
91.078
33.532
105.323
76.654
168.991
55.328
47.674
111.260
129.637
14.012
62.801
107.162
98.722
103.194
105.556
26.214
65.571
161.997
116.315
83.642
60.939
129.652
49.477
96.351
51.032
92.495
24.862
65.842
72.502
47.855
60.364
100.541
196.657
59.768
44.549
107.933
88.367
66.599
133.592
116.506
80.191
37.233
43.615
91.612
104.282
16.194
59.879
47.361
105.621
29.042
100.974
115.914
38.588
95.093
62.209
161.819
122.564
38.766
0.000
140.065
56.290
115.621
0.000
62.000
174.626
90.478
132.068
86.081
55.107
95.663
129.704
133.186
51.198
62.199
106.523
34.681
0.000
45.497
32.979
136.539
48.241
0.000
24.431
84.351
57.475
34.124
128.324
61.261
24.950
16.951
9.351
102.123
46.938
56.814
46.002
28.486
44.769
114.252
145.139
24.058
88.437
3.384
68.819
37.747
96.364
22.111
212.990
59.129
7.107
105.067
35.640
25.912
108.956
129.555
0.000
91.351
24.334
42.280
29.337
49.596
17.083
101.981
41.949
124.109
37.362
33.334
51.681
120.043
96.854
112.788
78.061
103.002
94.674
135.954
35.504
121.823
142.070
20.641
85.362
42.933
79.880
40.007
80.168
48.998
25.767
34.904
130.821
79.663
26.563
0.000
48.336
33.965
40.831
105.998
33.308
124.160
188.080
69.825
42.814
4.999
96.306
89.022
55.652
17.861
68.731
97.222
28.795
0.000
41.615
71.247
0.000
207.649
155.441
16.832
88.396
110.691
0.000
0.000
63.327
0.000
112.910
0.000
0.000
44.422
128.291
76.565
9.573
131.895
39.236
114.515
71.752
69.821
187.936
123.697
168.726
17.869
87.539
47.716
129.156
22.268
173.589
165.316
74.242
88.542
51.715
69.466
198.717
135.899
0.000
139.104
209.478
173.010
122.390
0.000
121.327
39.153
12.775
44.010
12.185
20.780
155.981
101.934
53.408
44.055
0.000
36.174
40.311
75.027
112.269
93.018
51.904
21.339
128.604
61.008
13.113
60.927
17.819
0.000
50.907
37.895
83.091
0.000
63.431
110.605
106.442
171.451
94.657
74.995
81.905
28.772
40.359
69.303
106.687
232.306
16.853
37.778
0.000
146.810
38.048
32.559
0.000
89.029
111.779
96.914
64.711
77.582
171.335
45.650
24.661
102.139
108.353
203.278
81.426
0.000
130.964
60.161
39.864
101.357
25.917
86.363
122.927
69.723
145.204
61.153
104.011
112.860
0.000
43.756
0.000
96.770
169.000
100.820
166.073
65.051
167.034
137.089
193.748
220.147
0.000
190.855
284.966
162.717
107.328
58.468
89.159
218.764
150.289
114.746
146.899
169.662
28.089
29.221
140.516
127.691
0.000
0.000
223.514
134.118
149.252
73.775
210.608
97.616
2.041
148.074
130.794
12.493
10.208
208.645
112.690
137.383
152.885
112.066
90.145
0.000
68.367
0.000
19.209
0.000
68.831
0.000
0.000
161.533
148.168
92.449
170.469
0.000
97.799
99.880
31.467
0.000
0.000
0.000
0.000
51.164
229.032
29.096
56.388
73.472
62.755
53.836
0.000
67.451
120.645
81.967
81.039
58.511
4.647
8.945
13.050
8.473
0.000
0.000
17.850
10.860
16.630
16.979
0.000
0.000
7.108
29.728
4.901
24.843
0.000
29.460
24.519
3.986
0.000
0.000
22.366
8.122
0.000
1.533
2.927
19.129
0.000
3.774
10.065
23.834
11.090
4.887
1.836
5.441
10.860
8.121
24.602
14.376
10.069
4.025
10.384
12.601
10.802
19.425
17.168
13.858
9.759
0.000
6.739
0.000
3.012
13.038
7.415
0.000
33.004
0.283
0.000
23.526
7.013
17.489
15.241
0.000
13.865
0.000
0.000
0.000
0.000
27.818
1.562
0.000
2.681
15.471
0.166
2.480
21.994
14.363
18.025
0.000
4.842
22.802
0.000
0.000
0.000
0.000
7.161
0.000
8.662
20.632
0.000
11.996
4.096
20.781
10.351
7.867
34.844
3.799
10.900
0.000
19.606
23.928
9.547
22.922
0.000
11.694
0.000
0.000
0.000
21.705
1.856
7.849
0.000
11.970
1.926
0.000
7.574
3.176
9.812
0.000
15.270
3.800
5.095
0.000
0.000
3.184
22.339
29.988
5.073
0.000
0.000
7.428
6.153
3.714
11.164
5.111
25.305
3.818
0.478
2.184
15.295
22.576
8.921
8.638
7.974
2.722
2.149
22.385
5.405
2.968
