93.474
232.281
56.857
44.168
0.000
108.954
92.967
37.779
0.000
55.365
74.064
29.703
11.464
59.587
57.906
55.546
33.555
61.951
22.629
60.350
53.433
0.000
43.598
244.793
168.430
91.581
166.909
361.553
379.915
665.976
3004.401
3746.948
7183.673
7844.618
15187.460
14034.406
16321.433
12910.912
17269.871
8532.933
5354.322
3760.593
4944.467
5260.141
3371.092
1921.160
2135.849
397.593
59.621
60.058
186.810
50.571
0.000
136.913
72.713
133.550
71.106
0.000
142.617
199.592
0.000
113.883
0.000
5.403
71.446
48.162
164.279
59.518
126.146
28.941
5.111
75.050
39.807
11.369
5.886
18.945
53.275
0.000
0.000
64.236
21.078
0.000
0.000
59.527
48.016
50.683
50.703
0.000
28.274
0.000
133.965
77.161
0.000
67.148
145.118
24.577
0.000
38.659
1.966
0.000
27.038
27.054
36.520
0.000
44.219
22.541
30.344
33.101
78.525
43.135
27.144
0.000
11.731
149.912
139.167
104.266
67.392
84.626
44.871
20.097
62.296
68.130
50.473
117.669
0.000
5.773
60.452
65.205
3.507
36.769
6.162
0.000
83.131
0.000
51.076
83.127
161.634
3.337
98.545
74.511
51.091
19.668
15.136
0.000
16.854
0.000
36.006
73.383
84.070
0.000
84.267
45.777
102.196
0.000
0.814
77.966
36.090
117.585
15.015
100.550
0.000
53.773
100.831
44.034
76.479
17.860
58.318
32.734
48.634
10.478
68.021
67.935
34.596
49.117
27.290
50.222
32.720
104.103
90.227
98.238
105.135
120.848
273.339
283.250
449.626
470.307
416.644
282.559
142.403
165.192
106.653
80.713
38.462
25.824
52.742
99.069
79.263
33.676
65.144
56.661
42.932
33.982
47.165
46.743
32.476
68.290
98.887
73.994
99.468
111.166
104.485
57.677
11.267
102.763
55.950
86.110
63.894
60.540
130.766
92.380
163.683
123.861
106.645
99.652
67.573
116.721
161.540
145.974
149.222
144.639
228.054
209.642
131.330
161.009
135.969
106.620
160.987
140.375
129.117
152.065
148.930
130.653
160.260
86.569
102.221
97.794
115.674
68.649
126.399
112.644
126.276
87.412
104.727
79.098
157.664
126.925
171.505
366.764
712.676
1483.639
2715.275
5142.167
9267.477
13151.513
20926.491
28810.244
16384.000
16384.000
34750.741
22298.880
10867.627
3122.787
583.379
315.679
257.161
244.077
199.553
226.763
319.586
447.636
685.049
1042.529
1720.238
2796.833
3377.520
3738.979
3151.887
2489.108
1281.359
355.527
56.979
88.644
50.487
45.473
84.095
67.630
49.415
44.022
74.953
83.548
96.747
88.496
114.117
84.142
99.893
92.161
26.653
27.264
35.318
24.904
15.655
34.792
65.769
39.749
65.667
51.927
28.981
12.820
0.000
30.921
32.612
69.856
29.504
36.640
15.860
37.005
0.000
16.019
26.108
72.257
6.059
21.202
73.673
0.849
56.035
6.366
45.258
14.607
20.980
44.101
39.704
32.493
0.000
27.197
19.837
7.295
19.605
67.030
4.564
0.000
67.066
13.055
36.312
0.000
23.193
0.000
13.745
17.107
49.201
30.681
28.165
28.434
54.937
18.413
52.634
12.690
46.585
53.936
89.881
29.476
58.965
71.432
70.314
31.189
40.320
92.300
64.535
70.938
97.348
86.236
66.630
104.999
141.255
133.498
138.202
111.523
141.953
130.843
142.634
119.728
134.240
128.410
166.727
167.451
162.423
165.375
176.803
187.952
177.538
186.988
220.877
247.433
265.920
287.920
337.688
315.430
345.085
300.791
297.738
313.158
328.491
307.096
340.526
339.258
288.439
288.065
245.308
228.372
263.733
288.296
279.309
372.201
359.568
322.060
275.817
259.348
176.418
218.590
212.959
244.502
280.064
355.061
519.017
716.923
880.982
1225.201
1942.670
2514.657
2889.668
3664.791
4700.933
7014.919
10150.714
15102.609
21528.225
16384.000
16384.000
16384.000
16384.000
16384.000
16384.000
16384.000
16384.000
16384.000
26265.115
5284.516
735.273
519.338
468.183
330.145
270.226
211.399
164.447
126.854
87.051
106.314
106.384
99.254
95.433
51.251
58.094
49.090
64.394
54.552
73.132
64.660
42.071
53.905
24.811
32.982
52.327
44.807
32.336
59.318
42.285
46.983
17.291
39.083
43.588
57.614
26.706
22.482
34.934
27.709
18.409
20.409
24.634
23.369
25.026
58.777
74.252
12.690
35.657
33.383
31.212
27.398
56.916
11.222
11.843
35.933
20.358
25.402
32.868
33.554
41.672
2.763
22.580
23.587
2.763
6.892
13.093
17.000
49.035
43.367
16.047
17.998
2.317
23.111
35.667
49.566
10.122
20.695
35.107
25.079
33.766
24.040
0.000
35.109
38.991
20.392
62.647
10.734
35.753
10.470
27.700
21.596
16.475
1.898
23.159
9.514
39.115
0.111
0.101
16.732
30.241
40.950
36.988
5.069
17.194
30.719
25.851
14.509
35.946
0.000
0.000
15.369
45.929
0.526
19.602
5.356
8.622
16.268
29.936
6.075
41.956
3.154
16.349
7.481
30.622
0.000
39.568
14.748
10.729
43.598
0.000
16.051
30.302
14.518
18.511
29.813
40.800
25.123
17.446
20.529
31.109
44.668
11.822
21.546
15.789
17.448
2.352
24.503
28.035
17.744
0.000
24.779
5.329
18.061
29.299
13.055
18.013
0.000
26.450
24.817
33.509
5.241
38.480
0.000
29.540
22.144
15.779
33.906
0.000
17.648
20.975
0.000
10.229
32.723
32.386
11.227
13.343
13.803
52.886
11.632
2.823
29.075
41.832
35.394
17.539
18.521
29.121
16.289
10.154
0.000
35.512
29.748
0.000
2.802
34.515
0.000
21.467
20.806
40.716
21.827
9.239
17.373
15.846
31.449
19.368
5.075
23.156
14.175
23.666
29.109
5.946
22.758
20.195
27.329
34.692
16.389
31.164
23.859
31.793
10.538
34.077
17.591
18.673
29.107
24.095
12.802
18.326
17.312
21.643
20.394
19.983
14.614
25.175
31.985
12.153
22.393
20.978
20.325
18.953
17.205
41.611
9.688
18.550
2.261
7.911
17.823
10.900
14.690
13.802
18.210
17.313
15.233
0.000
8.092
17.593
14.432
13.644
37.856
17.377
22.950
16.570
35.842
5.605
11.695
0.000
0.000
21.457
31.914
11.828
16.246
23.631
3.816
18.901
11.994
22.539
11.372
26.653
0.000
34.775
26.618
14.604
24.250
20.447
24.769
31.110
0.000
33.059
19.379
18.681
11.188
21.360
29.171
51.540
23.582
12.138
8.115
9.753
30.692
35.946
13.988
4.597
18.001
6.755
29.254
46.255
34.734
20.525
11.040
8.268
26.553
45.298
23.820
19.218
50.689
65.482
100.834
191.060
267.020
433.372
585.748
632.289
488.542
298.071
136.340
45.759
27.907
18.714
29.707
33.151
24.343
19.575
4.709
3.085
21.710
26.998
21.024
30.226
14.108
31.087
14.641
47.813
34.234
60.077
67.282
93.950
99.767
113.226
96.585
44.386
35.167
27.388
22.749
27.879
9.659
17.125
12.285
14.451
20.883
31.256
0.507
1.206
11.957
23.145
24.345
20.589
20.318
14.752
13.878
34.053
23.167
29.366
31.468
19.570
10.671
24.402
27.000
24.841
27.290
27.266
12.118
40.264
18.582
24.281
4.109
40.956
18.561
18.240
15.105
14.020
26.318
14.818
24.187
10.324
28.768
22.746
28.194
25.247
19.403
19.397
13.068
37.211
19.975
23.239
17.145
31.735
6.412
24.613
8.521
5.073
26.175
29.527
7.088
0.988
32.303
10.986
24.226
7.476
11.123
18.654
14.574
13.152
22.425
19.013
15.410
5.357
30.525
21.282
26.295
15.872
10.452
19.959
4.459
25.819
23.088
14.477
31.354
24.110
20.145
30.503
23.720
16.501
20.636
16.412
24.791
29.312
17.467
25.177
16.211
17.281
17.552
11.394
24.520
10.339
29.329
9.337
9.806
30.144
14.930
27.198
23.798
13.241
13.034
16.126
23.710
7.112
0.000
6.117
9.409
23.793
9.182
1.474
13.921
22.486
12.962
11.103
13.693
11.748
12.895
16.648
14.199
9.606
5.583
18.693
10.138
11.012
2.965
18.129
20.415
11.103
6.913
9.906
5.976
18.077
15.135
16.326
18.174
16.725
5.155
1.721
16.220
21.186
16.827
17.946
27.498
13.585
14.500
17.898
21.440
14.308
9.895
22.293
19.725
15.967
15.082
12.354
10.154
29.317
17.156
10.408
16.593
19.975
30.772
22.693
21.142
13.298
17.794
42.526
12.735
19.100
25.291
18.064
34.407
23.380
11.339
31.552
26.434
26.134
14.836
13.319
14.660
4.145
30.494
17.301
32.155
37.558
26.591
35.495
28.970
32.300
37.055
27.365
29.056
37.900
41.060
43.965
36.181
43.186
37.202
34.524
45.257
30.243
33.633
41.451
44.699
63.181
56.244
49.934
60.106
63.708
65.702
74.097
99.701
105.895
118.008
132.908
134.992
172.521
175.039
193.942
209.493
220.647
236.277
229.338
238.984
198.053
200.773
180.823
181.714
154.405
171.085
189.948
195.755
211.333
236.050
253.830
249.420
267.396
293.070
284.206
291.924
310.373
335.806
355.505
329.762
329.690
289.975
271.924
270.734
300.366
303.901
330.464
341.985
355.259
330.474
322.806
318.857
284.634
285.021
277.368
300.218
291.245
310.997
326.864
308.380
352.233
436.812
570.732
856.061
1422.118
2531.034
4533.041
7794.606
16384.000
16384.000
16384.000
16384.000
16384.000
16384.000
16384.000
16384.000
16384.000
16384.000
16384.000
16384.000
16384.000
16384.000
16384.000
16384.000
16384.000
16384.000
16384.000
16384.000
16384.000
16384.000
6329.690
425.610
159.256
136.552
110.760
107.575
104.179
76.339
77.162
60.725
70.283
59.305
58.493
46.438
54.085
47.796
44.092
45.068
35.979
39.444
36.449
39.155
47.221
30.128
45.569
40.802
24.511
38.613
36.526
32.937
31.908
33.740
27.978
33.603
24.372
30.403
39.176
30.750
27.689
42.882
35.618
29.259
33.315
35.398
37.631
32.404
14.277
16.838
34.954
27.649
20.365
24.870
19.688
14.867
20.707
13.606
32.298
24.439
14.590
28.244
25.643
28.530
22.704
22.498
15.213
16.877
18.745
26.859
23.311
27.024
24.441
24.523
25.822
17.275
18.015
14.362
17.887
16.220
23.476
20.984
17.618
19.869
13.906
25.185
24.179
28.692
18.613
14.704
19.567
26.157
27.934
38.936
24.869
28.059
31.518
39.085
41.385
26.370
33.596
35.914
43.085
48.541
49.734
58.189
61.079
81.293
88.584
101.757
95.761
106.705
106.757
111.163
101.503
96.121
90.853
86.195
100.806
105.871
112.219
127.967
129.073
138.825
142.875
131.716
150.999
146.661
160.661
149.955
174.454
195.640
198.444
197.190
188.163
185.980
202.864
206.280
219.819
239.496
238.417
236.593
246.908
254.198
262.847
254.530
269.788
254.959
257.416
249.607
285.828
301.381
312.649
368.253
432.970
541.891
743.816
1160.903
1894.940
3021.407
4651.095
6906.220
9739.296
16384.000
16384.000
16384.000
16384.000
16384.000
16384.000
16384.000
16384.000
8131.806
6607.094
6744.725
8780.113
16384.000
16384.000
16384.000
16384.000
16384.000
16384.000
16384.000
9793.217
6320.917
3823.899
1704.969
828.803
593.926
475.858
413.394
349.548
275.126
209.956
174.336
160.274
141.290
109.938
96.976
77.225
70.989
56.316
71.594
50.467
61.031
41.694
47.111
39.033
46.631
49.792
44.826
46.562
32.148
32.039
33.833
27.344
35.200
41.303
32.736
27.601
42.287
36.548
24.066
35.326
38.459
15.456
25.584
42.768
37.206
27.119
34.767
24.882
23.108
28.489
31.765
31.816
31.491
31.516
36.694
39.001
24.758
24.168
11.744
11.545
18.057
15.102
26.506
17.118
21.841
21.549
18.303
15.437
10.652
11.629
11.418
14.642
24.391
33.556
17.935
9.829
16.865
28.008
13.058
25.885
6.155
26.114
15.772
16.062
21.235
18.426
22.973
16.320
8.785
22.939
18.089
23.640
13.633
19.890
14.814
16.683
26.309
5.286
15.475
20.864
14.127
12.714
13.727
6.047
12.921
12.345
7.457
21.167
4.638
12.544
10.838
13.003
14.533
27.258
21.161
14.844
17.666
14.554
15.354
16.864
12.582
12.577
20.258
8.443
8.453
8.297
12.281
6.935
10.952
18.910
13.909
11.992
18.193
13.556
16.883
17.124
6.232
18.865
9.621
12.525
16.090
22.923
12.406
13.644
18.088
14.966
3.419
13.591
4.692
17.003
17.084
17.983
16.533
14.912
22.212
17.054
10.210
11.112
25.888
30.329
15.871
28.898
18.638
25.995
10.046
22.257
21.383
17.313
22.446
13.680
4.348
22.001
14.263
7.420
15.977
5.786
10.663
4.958
11.576
17.197
12.279
12.309
10.520
22.371
11.900
11.440
17.011
34.135
22.623
28.453
21.142
17.133
16.321
29.352
21.948
6.644
17.956
8.380
3.732
13.610
13.943
18.375
10.243
11.745
11.896
21.306
20.744
4.405
10.976
3.619
17.183
16.586
21.726
14.686
12.071
19.452
16.287
14.869
16.530
19.549
15.389
7.296
21.771
9.973
14.791
17.622
7.080
6.569
3.321
19.754
9.244
18.567
18.258
21.859
12.697
16.800
17.370
5.977
15.639
11.308
9.349
21.071
35.273
25.888
15.711
14.558
16.954
24.407
26.119
33.582
18.434
21.898
33.208
45.815
30.860
37.769
27.920
26.082
28.302
36.555
21.874
29.655
14.228
26.812
11.010
23.157
25.859
21.325
6.700
21.200
11.800
11.991
16.566
5.753
16.455
28.803
8.944
9.834
7.677
4.204
21.990
4.247
19.239
17.792
17.585
2.126
12.756
14.031
23.646
9.436
14.596
29.010
18.757
19.311
6.232
16.295
9.861
11.673
11.372
21.459
23.815
21.976
26.126
14.425
16.395
13.119
12.635
17.277
3.631
14.693
14.446
6.588
13.420
29.163
7.580
19.489
11.638
24.379
11.028
23.279
14.309
21.746
11.207
11.612
20.092
19.212
13.897
19.146
10.239
0.000
21.713
14.460
22.853
16.691
13.473
14.454
14.292
17.821
17.801
4.537
13.804
23.282
19.411
16.722
8.519
9.559
23.154
14.653
12.851
13.177
9.178
12.216
15.583
12.844
10.165
11.469
7.424
10.972
13.331
16.438
32.554
10.288
6.799
20.882
10.903
7.118
16.518
15.840
14.229
19.095
26.891
19.779
11.605
18.190
2.741
9.976
8.905
30.913
11.494
23.918
1.361
5.965
5.452
31.650
9.829
11.648
25.617
15.381
22.574
13.682
14.371
29.214
22.631
17.791
24.347
14.976
12.292
11.748
12.671
10.402
19.185
8.377
17.219
11.693
13.469
11.421
12.625
16.253
11.834
12.221
13.715
24.645
7.722
13.998
3.463
11.771
17.350
17.725
6.347
11.062
9.412
15.722
17.330
13.677
16.506
15.704
19.582
6.697
18.753
14.691
13.051
13.056
16.729
8.349
9.687
20.741
7.971
1.602
12.687
23.869
11.867
10.042
21.397
15.215
16.100
13.905
17.758
12.035
7.328
16.267
8.970
17.255
16.995
14.929
29.509
15.625
9.682
19.947
17.286
10.376
19.067
8.952
8.740
27.965
19.428
15.312
10.807
10.445
3.887
16.481
16.941
19.540
16.165
28.491
21.327
17.167
8.360
23.719
14.878
17.656
19.413
17.534
14.683
5.582
2.033
21.222
24.952
24.402
21.940
8.684
17.826
25.851
15.482
28.792
2.952
30.496
24.305
12.197
24.778
7.312
21.263
18.187
14.038
11.895
9.849
18.285
17.700
27.280
9.759
8.634
15.559
20.649
20.921
15.094
0.000
15.756
16.888
6.912
20.650
12.637
17.348
16.964
12.547
23.270
13.463
8.582
9.253
25.022
25.045
23.041
9.998
18.660
9.726
28.957
35.128
25.474
45.948
32.886
40.926
31.386
36.272
28.372
26.667
18.159
26.022
15.951
25.874
9.222
23.829
12.098
9.322
17.300
10.744
21.278
16.044
28.167
9.031
11.562
20.027
13.604
16.556
20.201
0.000
23.470
10.342
19.452
16.853
23.016
26.194
22.011
21.030
7.825
26.086
14.352
18.431
32.532
26.601
21.763
14.471
16.482
13.165
15.769
16.184
14.882
11.826
31.057
4.378
10.862
9.185
10.706
28.065
18.068
36.269
17.132
21.895
35.133
7.104
17.527
17.070
22.331
17.292
15.755
14.426
19.757
15.174
15.954
14.196
26.320
15.077
14.053
7.098
27.189
15.994
31.602
17.860
13.850
0.000
20.566
30.660
9.313
15.106
12.754
19.272
30.673
16.288
18.918
20.955
14.846
25.870
20.141
20.021
34.110
18.301
29.874
17.654
41.456
25.421
23.912
11.590
26.615
15.721
41.546
52.348
50.132
87.145
137.932
151.733
225.889
269.862
267.622
222.607
149.280
142.292
112.776
124.504
118.753
119.496
107.148
92.114
78.909
68.932
71.401
63.093
43.105
31.122
18.646
27.061
27.600
28.322
16.771
9.898
15.408
29.422
5.497
21.578
27.773
30.358
27.348
16.069
24.161
19.465
21.663
29.306
27.073
15.192
24.885
25.939
15.707
20.460
15.372
28.752
6.150
17.171
23.691
24.606
18.413
10.427
32.002
48.355
30.815
30.491
1.822
26.338
32.306
54.073
12.861
26.505
67.488
53.738
16.853
6.183
0.000
0.609
0.000
5.352
27.662
20.181
5.848
30.302
0.117
61.836
23.232
1.964
26.263
14.025
8.778
7.935
29.192
41.509
10.061
18.250
22.145
22.808
15.185
9.748
16.624
38.600
36.411
18.335
18.684
21.607
20.719
18.434
27.234
20.337
17.138
29.644
27.141
30.630
45.506
57.867
47.753
67.576
52.810
55.825
42.878
55.037
36.564
64.002
49.668
50.052
29.317
34.577
21.783
30.441
36.038
31.221
6.146
25.935
14.961
23.998
28.887
22.101
5.580
13.455
14.734
17.709
19.616
2.727
33.432
19.344
12.690
37.975
22.036
24.920
26.651
16.850
13.053
24.941
18.377
17.728
22.647
25.856
16.955
13.204
26.547
20.569
29.575
9.496
33.159
19.376
28.864
0.000
26.676
17.095
21.456
0.000
17.586
25.489
11.288
33.669
17.310
16.999
21.599
29.324
19.646
39.080
17.908
25.258
32.328
9.613
10.136
20.252
14.053
20.070
31.307
18.672
19.491
22.865
13.830
41.683
15.198
3.084
19.347
7.713
22.546
8.042
13.092
24.288
24.310
22.518
22.464
44.093
34.973
29.156
35.782
21.872
23.132
12.181
22.327
45.558
25.098
42.530
20.157
36.066
15.428
36.014
23.285
0.000
10.602
22.488
19.294
14.702
13.484
16.384
33.352
37.833
9.933
24.163
10.749
32.343
8.663
24.925
28.538
23.618
40.223
40.365
65.889
46.758
61.219
78.183
83.242
79.505
80.129
84.298
68.345
51.653
68.911
59.816
69.402
79.230
52.979
82.085
51.952
69.601
64.018
44.542
36.718
33.802
29.314
45.537
47.048
49.083
39.728
26.814
47.038
38.321
49.460
16.630
45.965
28.109
17.717
27.539
31.834
9.201
38.804
22.506
23.888
10.321
16.395
20.392
10.780
47.721
20.958
16.044
26.937
20.081
9.279
23.740
41.882
7.276
34.389
12.252
13.180
28.181
45.739
7.286
5.186
0.648
0.000
11.179
23.652
20.591
59.536
26.674
3.345
15.341
41.860
39.854
11.364
41.412
18.851
34.679
22.479
10.881
32.962
28.110
10.031
21.239
18.578
24.623
23.059
31.524
38.993
17.890
10.550
0.000
16.489
12.925
1.159
24.191
40.980
31.156
2.223
13.371
30.862
47.295
26.505
0.000
35.747
38.548
19.273
17.879
14.729
34.140
6.030
1.839
13.069
15.397
13.913
14.845
32.504
35.408
25.616
23.667
12.264
9.624
15.969
8.948
39.300
19.444
4.041
29.437
31.016
8.704
31.370
24.508
34.357
7.013
37.212
9.201
25.464
4.073
43.784
0.000
52.898
11.205
29.211
21.203
39.547
26.942
0.000
25.164
16.857
23.247
19.624
22.287
14.108
30.286
39.395
48.399
40.103
22.978
52.028
2.021
13.396
15.817
27.753
10.821
12.506
38.059
12.238
72.494
32.704
0.000
18.452
0.000
24.544
23.701
19.106
19.917
15.161
17.275
34.539
26.371
51.522
25.208
0.000
25.474
6.575
20.348
16.401
0.000
11.890
46.028
27.308
34.489
41.111
14.601
33.541
6.760
25.595
44.952
17.665
21.802
33.921
18.099
7.695
22.769
27.428
37.137
39.224
16.572
35.804
47.239
21.708
35.812
30.116
19.756
13.044
29.808
31.323
47.479
3.120
34.106
18.451
22.880
5.834
35.688
57.071
30.716
33.427
20.804
34.663
41.790
63.220
8.121
19.342
5.019
38.178
8.188
17.819
26.759
53.817
28.914
26.381
36.827
35.256
12.578
29.687
51.020
34.618
35.553
39.768
15.429
36.071
9.586
29.883
42.114
4.792
5.759
35.309
23.414
72.635
58.109
46.783
19.370
27.400
43.295
67.346
33.053
48.708
18.600
30.745
49.877
16.289
59.285
44.602
49.026
62.817
14.406
25.458
25.605
21.057
30.228
41.215
15.731
41.633
21.351
2.508
14.877
0.000
0.000
22.626
18.076
52.742
17.526
32.123
28.027
17.034
23.401
60.974
16.148
18.837
48.230
11.093
28.147
55.946
20.941
41.616
33.633
34.756
5.598
73.795
23.136
48.739
1.610
36.691
43.281
16.945
28.569
9.453
54.644
13.441
39.118
33.886
32.150
38.108
58.021
60.210
38.620
0.000
0.000
56.524
45.484
37.553
22.089
0.000
46.416
58.810
7.791
60.463
24.284
29.543
0.000
24.391
52.460
3.239
45.340
11.626
2.748
59.810
44.553
51.170
23.859
19.083
78.283
24.129
21.485
0.000
29.861
61.524
16.970
8.974
15.383
30.740
19.699
75.538
23.633
10.838
13.148
41.768
28.771
8.426
40.319
27.024
20.739
67.710
0.000
25.546
0.000
14.500
33.671
38.051
31.144
62.030
43.481
39.561
31.677
84.558
17.350
29.541
34.936
44.225
30.109
70.592
68.974
20.889
0.000
0.000
0.000
42.189
41.740
49.222
32.736
0.000
49.666
30.694
21.331
30.655
78.669
37.136
68.863
54.196
69.859
64.503
21.197
49.853
76.403
47.729
50.097
36.813
9.027
0.000
9.763
15.106
17.339
12.903
26.280
93.686
32.609
33.799
51.246
12.118
42.424
16.121
0.000
2.521
20.147
34.044
4.072
4.193
18.880
45.257
63.310
20.474
92.525
36.445
27.273
0.000
33.945
49.029
12.437
56.728
73.577
0.000
0.000
51.652
24.976
50.145
15.897
9.776
3.455
39.254
45.642
17.743
25.246
38.632
65.626
58.833
62.068
19.229
0.000
6.847
2.951
93.266
73.289
68.585
16.819
34.293
48.782
31.175
0.000
13.302
38.932
0.000
52.460
0.000
14.632
108.463
41.623
25.184
42.811
0.126
28.707
31.796
69.312
33.348
95.992
3.575
45.184
29.317
5.140
52.938
15.375
33.368
0.000
29.471
19.013
98.151
0.000
4.885
0.000
58.463
54.155
27.074
29.254
93.670
28.817
50.292
9.022
53.898
0.000
16.761
7.838
59.533
19.474
0.000
25.207
90.098
22.472
20.695
0.000
72.478
41.023
139.498
46.184
44.034
0.000
58.745
65.815
86.204
0.000
96.750
74.718
0.000
82.655
38.397
0.000
0.000
101.180
62.030
5.871
30.328
58.201
48.601
103.554
63.597
36.148
0.000
37.161
0.000
0.000
48.297
30.244
46.395
33.997
15.929
52.600
68.715
14.258
0.000
5.798
58.467
109.300
81.738
0.000
94.636
0.000
6.967
8.173
0.000
11.728
32.429
49.266
14.242
5.034
83.054
59.737
106.608
0.000
15.970
0.000
1.540
0.000
96.826
0.000
34.899
0.000
46.148
74.307
0.000
0.000
56.596
29.038
10.038
38.743
65.950
70.657
32.257
105.743
124.162
0.000
33.665
124.590
0.000
27.597
10.078
43.463
84.875
40.192
53.355
39.305
110.337
0.000
69.196
79.926
0.000
6.829
0.000
55.181
126.407
120.808
23.440
110.330
107.282
69.140
107.702
114.342
60.303
72.990
62.360
38.571
33.169
124.253
77.141
59.526
62.148
64.936
50.084
145.135
99.545
0.000
91.504
58.262
22.267
23.981
1.286
29.672
78.887
91.479
37.958
64.004
61.744
21.615
31.195
47.265
49.969
0.000
4.305
0.000
33.223
38.195
66.810
52.194
112.792
0.000
26.367
56.086
70.586
10.436
69.384
133.313
170.735
133.135
102.716
112.874
16.534
81.326
45.221
64.007
83.427
74.656
0.000
66.249
118.253
98.894
19.974
55.943
0.000
0.000
138.039
93.773
59.211
0.000
104.757
171.902
21.333
24.079
172.109
37.367
102.370
46.797
100.243
82.736
3.301
90.919
15.299
167.087
0.000
167.311
83.451
51.274
45.103
31.790
0.000
3.334
0.000
26.453
26.557
0.000
0.000
0.000
64.081
59.189
7.297
0.000
110.573
75.656
74.099
0.000
131.036
0.000
0.000
43.591
20.990
106.061
141.834
0.000
0.000
130.416
38.550
82.701
77.413
7.773
0.000
108.354
166.637
44.551
0.000
230.857
150.552
133.583
109.287
0.000
117.065
80.877
51.579
46.682
76.435
59.367
5.385
7.432
52.618
181.235
9.215
0.000
71.709
141.422
74.436
135.466
0.000
0.000
16.123
9.641
154.328
124.282
96.489
0.000
43.713
68.561
74.004
43.939
76.684
14.028
52.196
63.569
58.777
0.000
0.629
144.336
69.245
31.995
0.000
104.433
0.000
0.000
0.000
157.385
47.752
43.570
43.694
84.014
0.000
0.000
77.093
124.127
67.642
42.348
21.773
95.961
0.000
316.108
191.937
0.000
0.000
0.000
4.935
6.057
35.264
0.000
50.518
0.000
0.000
111.097
256.182
11.267
282.001
9.142
99.716
78.004
20.505
0.000
0.000
136.964
64.572
140.826
36.888
0.000
264.361
0.000
84.455
169.155
0.000
61.663
0.000
108.951
41.341
52.670
19.437
5.575
0.000
10.918
26.693
10.147
0.000
15.992
0.281
6.822
12.129
11.265
18.659
22.764
7.723
0.000
1.960
3.273
0.000
0.000
0.000
7.408
4.671
4.369
0.000
0.393
7.462
1.968
14.267
7.009
9.557
10.727
9.587
4.728
15.061
3.038
5.593
3.013
10.721
10.958
0.000
17.075
13.365
6.696
3.620
0.000
10.684
10.160
14.491
1.377
8.852
8.774
0.000
1.982
16.726
2.846
12.141
23.086
0.000
8.037
19.443
10.723
0.000
0.000
28.183
9.295
0.000
0.000
10.952
0.000
23.540
22.676
18.568
0.401
8.719
12.284
0.000
0.000
33.620
31.919
8.474
0.000
15.381
9.678
0.000
5.837
20.783
5.446
3.389
0.000
0.000
21.160
15.644
0.000
7.097
0.000
11.824
0.000
7.423
25.672
29.860
0.000
6.920
0.000
0.000
0.891
8.522
0.000
0.000
1.128
15.304
8.799
0.000
2.761
12.322
0.000
17.563
20.693
17.833
3.632
14.211
8.270
12.847
0.000
3.057
0.000
19.925
0.000
30.041
0.000
5.166
8.735
18.096
11.224
0.000
0.000
2.768
11.027
7.754
0.000
13.396
0.000
0.000
0.000
2.801
0.000
5.510
0.000
