 360.168
360.339
360.510
360.682
360.853
361.024
361.196
361.367
361.538
361.709
361.881
362.052
362.223
362.394
362.566
362.737
362.908
363.079
363.251
363.422
363.593
363.765
363.936
364.107
364.278
364.450
364.621
364.792
364.963
365.135
365.306
365.477
365.648
365.820
365.991
366.162
366.333
366.505
366.676
366.847
367.018
367.190
367.361
367.532
367.703
367.875
368.046
368.217
368.388
368.560
368.731
368.902
369.073
369.245
369.416
369.587
369.758
369.930
370.101
370.272
370.443
370.615
370.786
370.957
371.128
371.300
371.471
371.642
371.813
371.985
372.156
372.327
372.498
372.670
372.841
373.012
373.183
373.355
373.526
373.697
373.868
374.040
374.211
374.382
374.553
374.724
374.896
375.067
375.238
375.409
375.581
375.752
375.923
376.094
376.266
376.437
376.608
376.779
376.951
377.122
377.293
377.464
377.635
377.807
377.978
378.149
378.320
378.492
378.663
378.834
379.005
379.176
379.348
379.519
379.690
379.861
380.033
380.204
380.375
380.546
380.717
380.889
381.060
381.231
381.402
381.574
381.745
381.916
382.087
382.258
382.430
382.601
382.772
382.943
383.114
383.286
383.457
383.628
383.799
383.971
384.142
384.313
384.484
384.655
384.827
384.998
385.169
385.340
385.511
385.683
385.854
386.025
386.196
386.367
386.539
386.710
386.881
387.052
387.223
387.395
387.566
387.737
387.908
388.079
388.251
388.422
388.593
388.764
388.935
389.107
389.278
389.449
389.620
389.791
389.963
390.134
390.305
390.476
390.647
390.819
390.990
391.161
391.332
391.503
391.675
391.846
392.017
392.188
392.359
392.530
392.702
392.873
393.044
393.215
393.386
393.558
393.729
393.900
394.071
394.242
394.414
394.585
394.756
394.927
395.098
395.269
395.441
395.612
395.783
395.954
396.125
396.297
396.468
396.639
396.810
396.981
397.152
397.324
397.495
397.666
397.837
398.008
398.179
398.351
398.522
398.693
398.864
399.035
399.206
399.378
399.549
399.720
399.891
400.062
400.234
400.405
400.576
400.747
400.918
401.089
401.261
401.432
401.603
401.774
401.945
402.116
402.287
402.459
402.630
402.801
402.972
403.143
403.314
403.486
403.657
403.828
403.999
404.170
404.341
404.513
404.684
404.855
405.026
405.197
405.368
405.539
405.711
405.882
406.053
406.224
406.395
406.566
406.738
406.909
407.080
407.251
407.422
407.593
407.764
407.936
408.107
408.278
408.449
408.620
408.791
408.962
409.134
409.305
409.476
409.647
409.818
409.989
410.160
410.332
410.503
410.674
410.845
411.016
411.187
411.358
411.530
411.701
411.872
412.043
412.214
412.385
412.556
412.728
412.899
413.070
413.241
413.412
413.583
413.754
413.925
414.097
414.268
414.439
414.610
414.781
414.952
415.123
415.295
415.466
415.637
415.808
415.979
416.150
416.321
416.492
416.664
416.835
417.006
417.177
417.348
417.519
417.690
417.861
418.033
418.204
418.375
418.546
418.717
418.888
419.059
419.230
419.401
419.573
419.744
419.915
420.086
420.257
420.428
420.599
420.770
420.942
421.113
421.284
421.455
421.626
421.797
421.968
422.139
422.310
422.482
422.653
422.824
422.995
423.166
423.337
423.508
423.679
423.850
424.021
424.193
424.364
424.535
424.706
424.877
425.048
425.219
425.390
425.561
425.732
425.904
426.075
426.246
426.417
426.588
426.759
426.930
427.101
427.272
427.443
427.615
427.786
427.957
428.128
428.299
428.470
428.641
428.812
428.983
429.154
429.326
429.497
429.668
429.839
430.010
430.181
430.352
430.523
430.694
430.865
431.036
431.207
431.379
431.550
431.721
431.892
432.063
432.234
432.405
432.576
432.747
432.918
433.089
433.260
433.432
433.603
433.774
433.945
434.116
434.287
434.458
434.629
434.800
434.971
435.142
435.313
435.484
435.656
435.827
435.998
436.169
436.340
436.511
436.682
436.853
437.024
437.195
437.366
437.537
437.708
437.880
438.051
438.222
438.393
438.564
438.735
438.906
439.077
439.248
439.419
439.590
439.761
439.932
440.103
440.274
440.445
440.617
440.788
440.959
441.130
441.301
441.472
441.643
441.814
441.985
442.156
442.327
442.498
442.669
442.840
443.011
443.182
443.353
443.525
443.696
443.867
444.038
444.209
444.380
444.551
444.722
444.893
445.064
445.235
445.406
445.577
445.748
445.919
446.090
446.261
446.432
446.603
446.774
446.945
447.117
447.288
447.459
447.630
447.801
447.972
448.143
448.314
448.485
448.656
448.827
448.998
449.169
449.340
449.511
449.682
449.853
450.024
450.195
450.366
450.537
450.708
450.879
451.050
451.221
451.393
451.564
451.735
451.906
452.077
452.248
452.419
452.590
452.761
452.932
453.103
453.274
453.445
453.616
453.787
453.958
454.129
454.300
454.471
454.642
454.813
454.984
455.155
455.326
455.497
455.668
455.839
456.010
456.181
456.352
456.523
456.694
456.865
457.036
457.207
457.378
457.549
457.720
457.891
458.062
458.233
458.404
458.575
458.746
458.918
459.089
459.260
459.431
459.602
459.773
459.944
460.115
460.286
460.457
460.628
460.799
460.970
461.141
461.312
461.483
461.654
461.825
461.996
462.167
462.338
462.509
462.680
462.851
463.022
463.193
463.364
463.535
463.706
463.877
464.048
464.219
464.390
464.561
464.732
464.903
465.074
465.245
465.416
465.587
465.758
465.929
466.100
466.271
466.442
466.613
466.784
466.955
467.126
467.297
467.468
467.639
467.810
467.981
468.152
468.323
468.494
468.665
468.836
469.006
469.177
469.348
469.519
469.690
469.861
470.032
470.203
470.374
470.545
470.716
470.887
471.058
471.229
471.400
471.571
471.742
471.913
472.084
472.255
472.426
472.597
472.768
472.939
473.110
473.281
473.452
473.623
473.794
473.965
474.136
474.307
474.478
474.649
474.820
474.991
475.162
475.333
475.504
475.675
475.846
476.017
476.188
476.358
476.529
476.700
476.871
477.042
477.213
477.384
477.555
477.726
477.897
478.068
478.239
478.410
478.581
478.752
478.923
479.094
479.265
479.436
479.607
479.778
479.949
480.120
480.291
480.462
480.633
480.803
480.974
481.145
481.316
481.487
481.658
481.829
482.000
482.171
482.342
482.513
482.684
482.855
483.026
483.197
483.368
483.539
483.710
483.881
484.052
484.222
484.393
484.564
484.735
484.906
485.077
485.248
485.419
485.590
485.761
485.932
486.103
486.274
486.445
486.616
486.787
486.958
487.129
487.299
487.470
487.641
487.812
487.983
488.154
488.325
488.496
488.667
488.838
489.009
489.180
489.351
489.522
489.693
489.863
490.034
490.205
490.376
490.547
490.718
490.889
491.060
491.231
491.402
491.573
491.744
491.915
492.086
492.256
492.427
492.598
492.769
492.940
493.111
493.282
493.453
493.624
493.795
493.966
494.137
494.308
494.478
494.649
494.820
494.991
495.162
495.333
495.504
495.675
495.846
496.017
496.188
496.359
496.529
496.700
496.871
497.042
497.213
497.384
497.555
497.726
497.897
498.068
498.239
498.409
498.580
498.751
498.922
499.093
499.264
499.435
499.606
499.777
499.948
500.119
500.289
500.460
500.631
500.802
500.973
501.144
501.315
501.486
501.657
501.828
501.998
502.169
502.340
502.511
502.682
502.853
503.024
503.195
503.366
503.537
503.707
503.878
504.049
504.220
504.391
504.562
504.733
504.904
505.075
505.245
505.416
505.587
505.758
505.929
506.100
506.271
506.442
506.613
506.783
506.954
507.125
507.296
507.467
507.638
507.809
507.980
508.151
508.321
508.492
508.663
508.834
509.005
509.176
509.347
509.518
509.688
509.859
510.030
510.201
510.372
510.543
510.714
510.885
511.055
511.226
511.397
511.568
511.739
511.910
512.081
512.252
512.422
512.593
512.764
512.935
513.106
513.277
513.448
513.619
513.789
513.960
514.131
514.302
514.473
514.644
514.815
514.985
515.156
515.327
515.498
515.669
515.840
516.011
516.182
516.352
516.523
516.694
516.865
517.036
517.207
517.378
517.548
517.719
517.890
518.061
518.232
518.403
518.574
518.744
518.915
519.086
519.257
519.428
519.599
519.770
519.940
520.111
520.282
520.453
520.624
520.795
520.965
521.136
521.307
521.478
521.649
521.820
521.991
522.161
522.332
522.503
522.674
522.845
523.016
523.186
523.357
523.528
523.699
523.870
524.041
524.212
524.382
524.553
524.724
524.895
525.066
525.237
525.407
525.578
525.749
525.920
526.091
526.262
526.432
526.603
526.774
526.945
527.116
527.287
527.457
527.628
527.799
527.970
528.141
528.312
528.482
528.653
528.824
528.995
529.166
529.337
529.507
529.678
529.849
530.020
530.191
530.361
530.532
530.703
530.874
531.045
531.216
531.386
531.557
531.728
531.899
532.070
532.241
532.411
532.582
532.753
532.924
533.095
533.265
533.436
533.607
533.778
533.949
534.120
534.290
534.461
534.632
534.803
534.974
535.144
535.315
535.486
535.657
535.828
535.998
536.169
536.340
536.511
536.682
536.852
537.023
537.194
537.365
537.536
537.707
537.877
538.048
538.219
538.390
538.561
538.731
538.902
539.073
539.244
539.415
539.585
539.756
539.927
540.098
540.269
540.439
540.610
540.781
540.952
541.123
541.293
541.464
541.635
541.806
541.976
542.147
542.318
542.489
542.660
542.830
543.001
543.172
543.343
543.514
543.684
543.855
544.026
544.197
544.368
544.538
544.709
544.880
545.051
545.221
545.392
545.563
545.734
545.905
546.075
546.246
546.417
546.588
546.759
546.929
547.100
547.271
547.442
547.612
547.783
547.954
548.125
548.296
548.466
548.637
548.808
548.979
549.149
549.320
549.491
549.662
549.833
550.003
550.174
550.345
550.516
550.686
550.857
551.028
551.199
551.369
551.540
551.711
551.882
552.053
552.223
552.394
552.565
552.736
552.906
553.077
553.248
553.419
553.589
553.760
553.931
554.102
554.272
554.443
554.614
554.785
554.955
555.126
555.297
555.468
555.639
555.809
555.980
556.151
556.322
556.492
556.663
556.834
557.005
557.175
557.346
557.517
557.688
557.858
558.029
558.200
558.371
558.541
558.712
558.883
559.054
559.224
559.395
559.566
559.737
559.907
560.078
560.249
560.420
560.590
560.761
560.932
561.103
561.273
561.444
561.615
561.785
561.956
562.127
562.298
562.468
562.639
562.810
562.981
563.151
563.322
563.493
563.664
563.834
564.005
564.176
564.347
564.517
564.688
564.859
565.029
565.200
565.371
565.542
565.712
565.883
566.054
566.225
566.395
566.566
566.737
566.908
567.078
567.249
567.420
567.590
567.761
567.932
568.103
568.273
568.444
568.615
568.786
568.956
569.127
569.298
569.468
569.639
569.810
569.981
570.151
570.322
570.493
570.663
570.834
571.005
571.176
571.346
571.517
571.688
571.858
572.029
572.200
572.371
572.541
572.712
572.883
573.053
573.224
573.395
573.566
573.736
573.907
574.078
574.248
574.419
574.590
574.761
574.931
575.102
575.273
575.443
575.614
575.785
575.955
576.126
576.297
576.468
576.638
576.809
576.980
577.150
577.321
577.492
577.662
577.833
578.004
578.175
578.345
578.516
578.687
578.857
579.028
579.199
579.369
579.540
579.711
579.882
580.052
580.223
580.394
580.564
580.735
580.906
581.076
581.247
581.418
581.588
581.759
581.930
582.100
582.271
582.442
582.613
582.783
582.954
583.125
583.295
583.466
583.637
583.807
583.978
584.149
584.319
584.490
584.661
584.831
585.002
585.173
585.343
585.514
585.685
585.856
586.026
586.197
586.368
586.538
586.709
586.880
587.050
587.221
587.392
587.562
587.733
587.904
588.074
588.245
588.416
588.586
588.757
588.928
589.098
589.269
589.440
589.610
589.781
589.952
590.122
590.293
590.464
590.634
590.805
590.976
591.146
591.317
591.488
591.658
591.829
592.000
592.170
592.341
592.512
592.682
592.853
593.024
593.194
593.365
593.536
593.706
593.877
594.048
594.218
594.389
594.559
594.730
594.901
595.071
595.242
595.413
595.583
595.754
595.925
596.095
596.266
596.437
596.607
596.778
596.949
597.119
597.290
597.461
597.631
597.802
597.972
598.143
598.314
598.484
598.655
598.826
598.996
599.167
599.338
599.508
599.679
599.850
600.020
600.191
600.361
600.532
600.703
600.873
601.044
601.215
601.385
601.556
601.727
601.897
602.068
602.238
602.409
602.580
602.750
602.921
603.092
603.262
603.433
603.604
603.774
603.945
604.115
604.286
604.457
604.627
604.798
604.969
605.139
605.310
605.480
605.651
605.822
605.992
606.163
606.334
606.504
606.675
606.845
607.016
607.187
607.357
607.528
607.699
607.869
608.040
608.210
608.381
608.552
608.722
608.893
609.063
609.234
609.405
609.575
609.746
609.917
610.087
610.258
610.428
610.599
610.770
610.940
611.111
611.281
611.452
611.623
611.793
611.964
612.134
612.305
612.476
612.646
612.817
612.988
613.158
613.329
613.499
613.670
613.841
614.011
614.182
614.352
614.523
614.694
614.864
615.035
615.205
615.376
615.547
615.717
615.888
616.058
616.229
616.400
616.570
616.741
616.911
617.082
617.253
617.423
617.594
617.764
617.935
618.105
618.276
618.447
618.617
618.788
618.958
619.129
619.300
619.470
619.641
619.811
619.982
620.153
620.323
620.494
620.664
620.835
621.005
621.176
621.347
621.517
621.688
621.858
622.029
622.200
622.370
622.541
622.711
622.882
623.052
623.223
623.394
623.564
623.735
623.905
624.076
624.247
624.417
624.588
624.758
624.929
625.099
625.270
625.441
625.611
625.782
625.952
626.123
626.293
626.464
626.635
626.805
626.976
627.146
627.317
627.487
627.658
627.829
627.999
628.170
628.340
628.511
628.681
628.852
629.022
629.193
629.364
629.534
629.705
629.875
630.046
630.216
630.387
630.558
630.728
630.899
631.069
631.240
631.410
631.581
631.751
631.922
632.093
632.263
632.434
632.604
632.775
632.945
633.116
633.286
633.457
633.628
633.798
633.969
634.139
634.310
634.480
634.651
634.821
634.992
635.162
635.333
635.504
635.674
635.845
636.015
636.186
636.356
636.527
636.697
636.868
637.038
637.209
637.380
637.550
637.721
637.891
638.062
638.232
638.403
638.573
638.744
638.914
639.085
639.255
639.426
639.597
639.767
639.938
640.108
640.279
640.449
640.620
640.790
640.961
641.131
641.302
641.472
641.643
641.813
641.984
642.154
642.325
642.496
642.666
642.837
643.007
643.178
643.348
643.519
643.689
643.860
644.030
644.201
644.371
644.542
644.712
644.883
645.053
645.224
645.394
645.565
645.735
645.906
646.077
646.247
646.418
646.588
646.759
646.929
647.100
647.270
647.441
647.611
647.782
647.952
648.123
648.293
648.464
648.634
648.805
648.975
649.146
649.316
649.487
649.657
649.828
649.998
650.169
650.339
650.510
650.680
650.851
651.021
651.192
651.362
651.533
651.703
651.874
652.044
652.215
652.385
652.556
652.726
652.897
653.067
653.238
653.408
653.579
653.749
653.920
654.090
654.261
654.431
654.602
654.772
654.943
655.113
655.284
655.454
655.625
655.795
655.966
656.136
656.307
656.477
656.648
656.818
656.989
657.159
657.330
657.500
657.671
657.841
658.012
658.182
658.353
658.523
658.694
658.864
659.035
659.205
659.376
659.546
659.717
659.887
660.057
660.228
660.398
660.569
660.739
660.910
661.080
661.251
661.421
661.592
661.762
661.933
662.103
662.274
662.444
662.615
662.785
662.956
663.126
663.297
663.467
663.638
663.808
663.978
664.149
664.319
664.490
664.660
664.831
665.001
665.172
665.342
665.513
665.683
665.854
666.024
666.195
666.365
666.535
666.706
666.876
667.047
667.217
667.388
667.558
667.729
667.899
668.070
668.240
668.411
668.581
668.751
668.922
669.092
669.263
669.433
669.604
669.774
669.945
670.115
670.286
670.456
670.626
670.797
670.967
671.138
671.308
671.479
671.649
671.820
671.990
672.161
672.331
672.501
672.672
672.842
673.013
673.183
673.354
673.524
673.695
673.865
674.035
674.206
674.376
674.547
674.717
674.888
675.058
675.229
675.399
675.569
675.740
675.910
676.081
676.251
676.422
676.592
676.762
676.933
677.103
677.274
677.444
677.615
677.785
677.956
678.126
678.296
678.467
678.637
678.808
678.978
679.149
679.319
679.489
679.660
679.830
680.001
680.171
680.342
680.512
680.682
680.853
681.023
681.194
681.364
681.535
681.705
681.875
682.046
682.216
682.387
682.557
682.727
682.898
683.068
683.239
683.409
683.580
683.750
683.920
684.091
684.261
684.432
684.602
684.773
684.943
685.113
685.284
685.454
685.625
685.795
685.965
686.136
686.306
686.477
686.647
686.817
686.988
687.158
687.329
687.499
687.670
687.840
688.010
688.181
688.351
688.522
688.692
688.862
689.033
689.203
689.374
689.544
689.714
689.885
690.055
690.226
690.396
690.566
690.737
690.907
691.078
691.248
691.418
691.589
691.759
691.930
692.100
692.270
692.441
692.611
692.782
692.952
693.122
693.293
693.463
693.634
693.804
693.974
694.145
694.315
694.485
694.656
694.826
694.997
695.167
695.337
695.508
695.678
695.849
696.019
696.189
696.360
696.530
696.700
696.871
697.041
697.212
697.382
697.552
697.723
697.893
698.064
698.234
698.404
698.575
698.745
698.915
699.086
699.256
699.427
699.597
699.767
699.938
700.108
700.278
700.449
700.619
700.790
700.960
701.130
701.301
701.471
701.641
701.812
701.982
702.153
702.323
702.493
702.664
702.834
703.004
703.175
703.345
703.515
703.686
703.856
704.027
704.197
704.367
704.538
704.708
704.878
705.049
705.219
705.389
705.560
705.730
705.901
706.071
706.241
706.412
706.582
706.752
706.923
707.093
707.263
707.434
707.604
707.774
707.945
708.115
708.286
708.456
708.626
708.797
708.967
709.137
709.308
709.478
709.648
709.819
709.989
710.159
710.330
710.500
710.670
710.841
711.011
711.182
711.352
711.522
711.693
711.863
712.033
712.204
712.374
712.544
712.715
712.885
713.055
713.226
713.396
713.566
713.737
713.907
714.077
714.248
714.418
714.588
714.759
714.929
715.099
715.270
715.440
715.610
715.781
715.951
716.121
716.292
716.462
716.632
716.803
716.973
717.143
717.314
717.484
717.654
717.825
717.995
718.165
718.336
718.506
718.676
718.847
719.017
719.187
719.358
719.528
719.698
719.869
720.039
720.209
720.380
720.550
720.720
720.890
721.061
721.231
721.401
721.572
721.742
721.912
722.083
722.253
722.423
722.594
722.764
722.934
723.105
723.275
723.445
723.616
723.786
723.956
724.126
724.297
724.467
724.637
724.808
724.978
725.148
725.319
725.489
725.659
725.830
726.000
726.170
726.340
726.511
726.681
726.851
727.022
727.192
727.362
727.533
727.703
727.873
728.044
728.214
728.384
728.554
728.725
728.895
729.065
729.236
729.406
729.576
729.746
729.917
730.087
730.257
730.428
730.598
730.768
730.939
731.109
731.279
731.449
731.620
731.790
731.960
732.131
732.301
732.471
732.641
732.812
732.982
733.152
733.323
733.493
733.663
733.833
734.004
734.174
734.344
734.515
734.685
734.855
735.025
735.196
735.366
735.536
735.707
735.877
736.047
736.217
736.388
736.558
736.728
736.899
737.069
737.239
737.409
737.580
737.750
737.920
738.090
738.261
738.431
738.601
738.772
738.942
739.112
739.282
739.453
739.623
739.793
739.963
740.134
740.304
740.474
740.645
740.815
740.985
741.155
741.326
741.496
741.666
741.836
742.007
742.177
742.347
742.517
742.688
742.858
743.028
743.198
743.369
743.539
743.709
743.880
744.050
744.220
744.390
744.561
744.731
744.901
745.071
745.242
745.412
745.582
745.752
745.923
746.093
746.263
746.433
746.604
746.774
746.944
747.114
747.285
747.455
747.625
747.795
747.966
748.136
748.306
748.476
748.647
748.817
748.987
749.157
749.328
749.498
749.668
749.838
750.009
750.179
750.349
750.519
750.690
750.860
751.030
751.200
751.370
751.541
751.711
751.881
752.051
752.222
752.392
752.562
752.732
752.903
753.073
753.243
753.413
753.584
753.754
753.924
754.094
754.264
754.435
754.605
754.775
754.945
755.116
755.286
755.456
755.626
755.797
755.967
756.137
756.307
756.477
756.648
756.818
756.988
757.158
757.329
757.499
757.669
757.839
758.009
758.180
758.350
758.520
758.690
758.861
759.031
759.201
759.371
759.541
759.712
759.882
760.052
760.222
760.393
760.563
760.733
760.903
761.073
761.244
761.414
761.584
761.754
761.924
762.095
762.265
762.435
762.605
762.775
762.946
763.116
763.286
763.456
763.627
763.797
763.967
764.137
764.307
764.478
764.648
764.818
764.988
765.158
765.329
765.499
765.669
765.839
766.009
766.180
766.350
766.520
766.690
766.860
767.031
767.201
767.371
767.541
767.711
767.882
768.052
768.222
768.392
768.562
768.733
768.903
769.073
769.243
769.413
769.583
769.754
769.924
770.094
770.264
770.434
770.605
770.775
770.945
771.115
771.285
771.456
771.626
771.796
771.966
772.136
772.306
772.477
772.647
772.817
772.987
773.157
773.328
773.498
773.668
773.838
774.008
774.178
774.349
774.519
774.689
774.859
775.029
775.200
775.370
775.540
775.710
775.880
776.050
776.221
776.391
776.561
776.731
776.901
777.071
777.242
777.412
777.582
777.752
777.922
778.092
778.263
778.433
778.603
778.773
778.943
779.113
779.284
779.454
779.624
779.794
779.964
780.134
780.305
780.475
780.645
780.815
780.985
781.155
781.326
781.496
781.666
781.836
782.006
782.176
782.347
782.517
782.687
782.857
783.027
783.197
783.367
783.538
783.708
783.878
784.048
784.218
784.388
784.559
784.729
784.899
785.069
785.239
785.409
785.579
785.750
785.920
786.090
786.260
786.430
786.600
786.770
786.941
787.111
787.281
787.451
787.621
787.791
787.961
788.132
788.302
788.472
788.642
788.812
788.982
789.152
789.323
789.493
789.663
789.833
790.003
790.173
790.343
790.514
790.684
790.854
791.024
791.194
791.364
791.534
791.704
791.875
792.045
792.215
792.385
792.555
792.725
792.895
793.066
793.236
793.406
793.576
793.746
793.916
794.086
794.256
794.427
794.597
794.767
794.937
795.107
795.277
795.447
795.617
795.788
795.958
796.128
796.298
796.468
796.638
796.808
796.978
797.148
797.319
797.489
797.659
797.829
797.999
798.169
798.339
798.509
798.680
798.850
799.020
799.190
799.360
799.530
799.700
799.870
800.040
800.211
800.381
800.551
800.721
800.891
801.061
801.231
801.401
801.571
801.741
801.912
802.082
802.252
802.422
802.592
802.762
802.932
803.102
803.272
803.443
803.613
803.783
803.953
804.123
804.293
804.463
804.633
804.803
804.973
805.143
805.314
805.484
805.654
805.824
805.994
806.164
806.334
806.504
806.674
806.844
807.015
807.185
807.355
807.525
807.695
807.865
808.035
808.205
808.375
808.545
808.715
808.886
809.056
809.226
809.396
809.566
809.736
809.906
810.076
810.246
810.416
810.586
810.756
810.927
811.097
811.267
811.437
811.607
811.777
811.947
812.117
812.287
812.457
812.627
812.797
812.967
813.138
813.308
813.478
813.648
813.818
813.988
814.158
814.328
814.498
814.668
814.838
815.008
815.178
815.348
815.519
815.689
815.859
816.029
816.199
816.369
816.539
816.709
816.879
817.049
817.219
817.389
817.559
817.729
817.899
818.070
818.240
818.410
818.580
818.750
818.920
819.090
819.260
819.430
819.600
819.770
819.940
820.110
820.280
820.450
820.620
820.790
820.961
821.131
821.301
821.471
821.641
821.811
821.981
822.151
822.321
822.491
822.661
822.831
823.001
823.171
823.341
823.511
823.681
823.851
824.021
824.191
824.361
824.532
824.702
824.872
825.042
825.212
825.382
825.552
825.722
825.892
826.062
826.232
826.402
826.572
826.742
826.912
827.082
827.252
827.422
827.592
827.762
827.932
828.102
828.272
828.442
828.612
828.783
828.953
829.123
829.293
829.463
829.633
829.803
829.973
830.143
830.313
830.483
830.653
830.823
830.993
831.163
831.333
831.503
831.673
831.843
832.013
832.183
832.353
832.523
832.693
832.863
833.033
833.203
833.373
833.543
833.713
833.883
834.053
834.223
834.393
834.563
834.733
834.903
835.073
835.243
835.413
835.584
835.754
835.924
836.094
836.264
836.434
836.604
836.774
836.944
837.114
837.284
837.454
837.624
837.794
837.964
838.134
838.304
838.474
838.644
838.814
838.984
839.154
839.324
839.494
839.664
839.834
840.004
840.174
840.344
840.514
840.684
840.854
841.024
841.194
841.364
841.534
841.704
841.874
842.044
842.214
842.384
842.554
842.724
842.894
843.064
843.234
843.404
843.574
843.744
843.914
844.084
844.254
844.424
844.594
844.764
844.934
845.104
845.274
845.444
845.614
845.784
845.954
846.124
846.294
846.464
846.634
846.804
846.974
847.144
847.314
847.483
847.653
847.823
847.993
848.163
848.333
848.503
848.673
848.843
849.013
849.183
849.353
849.523
849.693
849.863
850.033
850.203
850.373
850.543
850.713
850.883
851.053
851.223
851.393
851.563
851.733
851.903
852.073
852.243
852.413
852.583
852.753
852.923
853.093
853.263
853.433
853.603
853.773
853.943
854.113
854.282
854.452
854.622
854.792
854.962
855.132
855.302
855.472
855.642
855.812
855.982
856.152
856.322
856.492
856.662
856.832
857.002
857.172
857.342
857.512
857.682
857.852
858.022
858.192
858.362
858.531
858.701
858.871
859.041
859.211
859.381
859.551
859.721
859.891
860.061
860.231
860.401
860.571
860.741
860.911
861.081
861.251
861.421
861.591
861.761
861.930
862.100
862.270
862.440
862.610
862.780
862.950
863.120
863.290
863.460
863.630
863.800
863.970
864.140
864.310
864.480
864.650
864.820
864.989
865.159
865.329
865.499
865.669
865.839
866.009
866.179
866.349
866.519
866.689
866.859
867.029
867.199
867.369
867.538
867.708
867.878
868.048
868.218
868.388
868.558
868.728
868.898
869.068
869.238
869.408
869.578
869.748
869.917
870.087
870.257
870.427
870.597
870.767
870.937
871.107
871.277
871.447
871.617
871.787
871.956
872.126
872.296
872.466
872.636
872.806
872.976
873.146
873.316
873.486
873.656
873.826
873.995
874.165
874.335
874.505
874.675
874.845
875.015
875.185
875.355
875.525
875.695
875.865
876.034
876.204
876.374
876.544
876.714
876.884
877.054
877.224
877.394
877.564
877.733
877.903
878.073
878.243
878.413
878.583
878.753
878.923
879.093
879.263
879.432
879.602
879.772
879.942
880.112
880.282
880.452
880.622
880.792
880.962
881.131
881.301
881.471
881.641
881.811
881.981
882.151
882.321
882.491
882.660
882.830
883.000
883.170
883.340
883.510
883.680
883.850
884.020
884.189
884.359
884.529
884.699
884.869
885.039
885.209
885.379
885.549
885.718
885.888
886.058
886.228
886.398
886.568
886.738
886.908
887.077
887.247
887.417
887.587
887.757
887.927
888.097
888.267
888.437
888.606
888.776
888.946
889.116
889.286
889.456
889.626
889.795
889.965
890.135
890.305
890.475
890.645
890.815
890.985
891.154
891.324
891.494
891.664
891.834
892.004
892.174
892.344
892.513
892.683
892.853
893.023
893.193
893.363
893.533
893.702
893.872
894.042
894.212
894.382
894.552
894.722
894.891
895.061
895.231
895.401
895.571
895.741
895.911
896.080
896.250
896.420
896.590
896.760
896.930
897.100
897.269
897.439
897.609
897.779
897.949
898.119
898.289
898.458
898.628
898.798
898.968
899.138
899.308
899.477
899.647
899.817
899.987
