1.9
98.3
200.2
305.9
400.8
506.1
601
700.8
799
852.1
902.2
949.2
1000
1050
1105
1153
1167
1176
1201
1247
1301
1349
1401
1447
1500
1550
1611
1649
1696
1755
1844
1897
1875
1956
2104
2254
2357
2505
3096
0.86196
0.72854
0.597
0.47445
0.3753
0.27905
0.205
0.14001
0.08688
0.06212
0.0424
0.0281
0.01602
0.0086
0.0034
0.0003
0.00001
-0.0003
-0.00141
-0.00186
-0.00263
-0.00287
-0.00301
-0.0033
-0.0034
-0.00363
-0.00376
-0.00391
-0.00395
-0.00404
-0.00413
-0.00419
-0.00418
-0.00426
-0.00435
-0.00424
-0.00413
-0.00435
-0.00425
