222.2000
1700.0000
2804.0000
5618.0000
8803.0000
11930.0000
16230.0000
21750.0000
24300.0000
34800.0000
40130.0000
53650.0000
61270.0000
83610.0000
90090.0000
108200.0000
140100.0000
171500.0000
194700.0000
217600.0000
291700.0000
397500.0000
2.900763359
2.870229008
2.870229008
2.809160305
2.687022901
2.564885496
2.381679389
2.167938931
2.045801527
1.694656489
1.526717557
1.251908397
1.114503817
0.870229008
0.816793893
0.702290076
0.549618321
0.454961832
0.403053435
0.363358779
0.274809160
0.204580153
0.015692511
0.015710642
0.015710642
0.015749868
0.015842089
0.015957118
0.016188361
0.016591989
0.076683715
0.077072765
0.077451767
0.078782816
0.080196410
0.086330045
0.055018849
0.069029728
0.102226723
0.148303813
0.188578164
0.231772360
0.404609130
0.729720876
