100
200
500
1000
1500
2000
2500
3000
3500
4000
4500
5000
5500
6000
6500
7000
7500
8000
8500
9000
9500
10000
10500
11000
11500
12000
12500
14000
15000
16000
17000
18000
19000
20000
27000
34200
46000
60000
89200
103000
120000
150000
200000
300000
500000
1000000
3.44
3.46
3.44
3.48
3.46
3.46
3.52
3.5
3.54
3.52
3.5
3.5
3.48
3.44
3.46
3.42
3.38
3.34
3.26
3.22
3.16
3.12
3.08
3.04
3.02
3.06
3.08
3.16
3.24
3.3
3.34
3.4
3.4
3.42
3.5
3.54
3.56
3.56
3.58
3.58
3.6
3.6
3.6
3.6
3.6
3.6
0.1
0.1
0.1
0.1
0.1
0.1
0.1
0.1
0.1
0.1
0.1
0.1
0.1
0.1
0.1
0.1
0.1
0.1
0.1
0.1
0.1
0.1
0.1
0.1
0.1
0.1
0.1
0.1
0.1
0.1
0.1
0.1
0.1
0.1
0.1
0.1
0.1
0.1
0.1
0.1
0.1
0.1
0.1
0.1
0.1
0.1
0.07
0.08
0.12
0.19
0.28
0.37
0.44
0.54
0.62
0.72
0.82
0.96
1.06
1.22
1.36
1.52
1.72
1.9
2.1
2.32
2.46
2.66
2.76
2.84
2.88
2.84
2.76
2.48
2.26
2.06
1.88
1.74
1.6
1.46
0.96
0.74
0.54
0.42
0.29
0.25
0.22
0.17
0.14
0.11
0.08
0.079
0.002
0.002
0.004
0.004
0.01
0.01
0.01
0.02
0.02
0.02
0.02
0.04
0.04
0.04
0.04
0.04
0.1
0.1
0.1
0.1
0.1
0.1
0.1
0.1
0.1
0.1
0.1
0.1
0.1
0.1
0.1
0.1
0.1
0.04
0.04
0.02
0.02
0.02
0.01
0.01
0.01
0.01
0.004
0.004
0.002
0.002
